  0.0000000e+000  2.9996000e+000  0.0000000e+000
  1.0000000e-002  2.9996000e+000 -3.5256869e-004
  2.0000000e-002  2.9996001e+000 -7.0511894e-004
  3.0000000e-002  2.9996001e+000 -1.0576323e-003
  4.0000000e-002  2.9996001e+000 -1.4100903e-003
  5.0000000e-002  2.9996001e+000 -1.7624746e-003
  6.0000000e-002  2.9996001e+000 -2.1147667e-003
  7.0000000e-002  2.9996000e+000 -2.4669481e-003
  8.0000000e-002  2.9996000e+000 -2.8190004e-003
  9.0000000e-002  2.9996000e+000 -3.1709053e-003
  1.0000000e-001  2.9996000e+000 -3.5226444e-003
  1.1000000e-001  2.9996000e+000 -3.8741991e-003
  1.2000000e-001  2.9995999e+000 -4.2255512e-003
  1.3000000e-001  2.9995999e+000 -4.5766822e-003
  1.4000000e-001  2.9995999e+000 -4.9275739e-003
  1.5000000e-001  2.9995999e+000 -5.2782078e-003
  1.6000000e-001  2.9996000e+000 -5.6285656e-003
  1.7000000e-001  2.9996000e+000 -5.9786289e-003
  1.8000000e-001  2.9996000e+000 -6.3283796e-003
  1.9000000e-001  2.9996001e+000 -6.6777993e-003
  2.0000000e-001  2.9996001e+000 -7.0268697e-003
  2.1000000e-001  2.9996002e+000 -7.3755727e-003
  2.2000000e-001  2.9996002e+000 -7.7238898e-003
  2.3000000e-001  2.9996002e+000 -8.0718031e-003
  2.4000000e-001  2.9996002e+000 -8.4192942e-003
  2.5000000e-001  2.9996002e+000 -8.7663451e-003
  2.6000000e-001  2.9996001e+000 -9.1129376e-003
  2.7000000e-001  2.9995999e+000 -9.4590535e-003
  2.8000000e-001  2.9995998e+000 -9.8046749e-003
  2.9000000e-001  2.9995996e+000 -1.0149784e-002
  3.0000000e-001  2.9995994e+000 -1.0494362e-002
  3.1000000e-001  2.9995993e+000 -1.0838391e-002
  3.2000000e-001  2.9995992e+000 -1.1181854e-002
  3.3000000e-001  2.9995993e+000 -1.1524732e-002
  3.4000000e-001  2.9995995e+000 -1.1867008e-002
  3.5000000e-001  2.9995998e+000 -1.2208664e-002
  3.6000000e-001  2.9996003e+000 -1.2549682e-002
  3.7000000e-001  2.9996010e+000 -1.2890043e-002
  3.8000000e-001  2.9996017e+000 -1.3229731e-002
  3.9000000e-001  2.9996023e+000 -1.3568728e-002
  4.0000000e-001  2.9996027e+000 -1.3907016e-002
  4.1000000e-001  2.9996029e+000 -1.4244577e-002
  4.2000000e-001  2.9996026e+000 -1.4581394e-002
  4.3000000e-001  2.9996019e+000 -1.4917449e-002
  4.4000000e-001  2.9996005e+000 -1.5252725e-002
  4.5000000e-001  2.9995984e+000 -1.5587205e-002
  4.6000000e-001  2.9995959e+000 -1.5920870e-002
  4.7000000e-001  2.9995933e+000 -1.6253704e-002
  4.8000000e-001  2.9995911e+000 -1.6585689e-002
  4.9000000e-001  2.9995896e+000 -1.6916808e-002
  5.0000000e-001  2.9995893e+000 -1.7247044e-002
  5.1000000e-001  2.9995905e+000 -1.7576380e-002
  5.2000000e-001  2.9995936e+000 -1.7904798e-002
  5.3000000e-001  2.9995991e+000 -1.8232282e-002
  5.4000000e-001  2.9996073e+000 -1.8558814e-002
  5.5000000e-001  2.9996177e+000 -1.8884378e-002
  5.6000000e-001  2.9996297e+000 -1.9208956e-002
  5.7000000e-001  2.9996427e+000 -1.9532533e-002
  5.8000000e-001  2.9996560e+000 -1.9855091e-002
  5.9000000e-001  2.9996690e+000 -2.0176613e-002
  6.0000000e-001  2.9996812e+000 -2.0497083e-002
  6.1000000e-001  2.9996918e+000 -2.0816484e-002
  6.2000000e-001  2.9997001e+000 -2.1134801e-002
  6.3000000e-001  2.9997059e+000 -2.1452015e-002
  6.4000000e-001  2.9997093e+000 -2.1768112e-002
  6.5000000e-001  2.9997107e+000 -2.2083074e-002
  6.6000000e-001  2.9997104e+000 -2.2396885e-002
  6.7000000e-001  2.9997090e+000 -2.2709530e-002
  6.8000000e-001  2.9997069e+000 -2.3020992e-002
  6.9000000e-001  2.9997043e+000 -2.3331256e-002
  7.0000000e-001  2.9997018e+000 -2.3640304e-002
  7.1000000e-001  2.9996997e+000 -2.3948122e-002
  7.2000000e-001  2.9996983e+000 -2.4254694e-002
  7.3000000e-001  2.9996975e+000 -2.4560003e-002
  7.4000000e-001  2.9996973e+000 -2.4864035e-002
  7.5000000e-001  2.9996974e+000 -2.5166773e-002
  7.6000000e-001  2.9996978e+000 -2.5468203e-002
  7.7000000e-001  2.9996984e+000 -2.5768308e-002
  7.8000000e-001  2.9996991e+000 -2.6067074e-002
  7.9000000e-001  2.9996997e+000 -2.6364485e-002
  8.0000000e-001  2.9997001e+000 -2.6660526e-002
  8.1000000e-001  2.9997003e+000 -2.6955183e-002
  8.2000000e-001  2.9997003e+000 -2.7248439e-002
  8.3000000e-001  2.9997002e+000 -2.7540281e-002
  8.4000000e-001  2.9997000e+000 -2.7830693e-002
  8.5000000e-001  2.9996998e+000 -2.8119661e-002
  8.6000000e-001  2.9996997e+000 -2.8407170e-002
  8.7000000e-001  2.9996997e+000 -2.8693206e-002
  8.8000000e-001  2.9996998e+000 -2.8977754e-002
  8.9000000e-001  2.9997002e+000 -2.9260800e-002
  9.0000000e-001  2.9997008e+000 -2.9542329e-002
  9.1000000e-001  2.9997014e+000 -2.9822328e-002
  9.2000000e-001  2.9997020e+000 -3.0100783e-002
  9.3000000e-001  2.9997025e+000 -3.0377679e-002
  9.4000000e-001  2.9997027e+000 -3.0653003e-002
  9.5000000e-001  2.9997026e+000 -3.0926741e-002
  9.6000000e-001  2.9997019e+000 -3.1198879e-002
  9.7000000e-001  2.9997007e+000 -3.1469404e-002
  9.8000000e-001  2.9996987e+000 -3.1738303e-002
  9.9000000e-001  2.9996963e+000 -3.2005562e-002
  1.0000000e+000  2.9996937e+000 -3.2271168e-002
  1.0100000e+000  2.9996913e+000 -3.2535108e-002
  1.0200000e+000  2.9996897e+000 -3.2797368e-002
  1.0300000e+000  2.9996892e+000 -3.3057937e-002
  1.0400000e+000  2.9996902e+000 -3.3316801e-002
  1.0500000e+000  2.9996931e+000 -3.3573948e-002
  1.0600000e+000  2.9996983e+000 -3.3829365e-002
  1.0700000e+000  2.9997061e+000 -3.4083040e-002
  1.0800000e+000  2.9997163e+000 -3.4334960e-002
  1.0900000e+000  2.9997282e+000 -3.4585114e-002
  1.1000000e+000  2.9997412e+000 -3.4833489e-002
  1.1100000e+000  2.9997545e+000 -3.5080073e-002
  1.1200000e+000  2.9997677e+000 -3.5324854e-002
  1.1300000e+000  2.9997799e+000 -3.5567822e-002
  1.1400000e+000  2.9997907e+000 -3.5808964e-002
  1.1500000e+000  2.9997993e+000 -3.6048268e-002
  1.1600000e+000  2.9998052e+000 -3.6285724e-002
  1.1700000e+000  2.9998087e+000 -3.6521321e-002
  1.1800000e+000  2.9998101e+000 -3.6755047e-002
  1.1900000e+000  2.9998099e+000 -3.6986891e-002
  1.2000000e+000  2.9998086e+000 -3.7216843e-002
  1.2100000e+000  2.9998065e+000 -3.7444891e-002
  1.2200000e+000  2.9998040e+000 -3.7671026e-002
  1.2300000e+000  2.9998017e+000 -3.7895237e-002
  1.2400000e+000  2.9997999e+000 -3.8117514e-002
  1.2500000e+000  2.9997990e+000 -3.8337846e-002
  1.2600000e+000  2.9997988e+000 -3.8556224e-002
  1.2700000e+000  2.9997991e+000 -3.8772638e-002
  1.2800000e+000  2.9997997e+000 -3.8987077e-002
  1.2900000e+000  2.9998004e+000 -3.9199534e-002
  1.3000000e+000  2.9998010e+000 -3.9409997e-002
  1.3100000e+000  2.9998012e+000 -3.9618457e-002
  1.3200000e+000  2.9998008e+000 -3.9824907e-002
  1.3300000e+000  2.9997997e+000 -4.0029336e-002
  1.3400000e+000  2.9997978e+000 -4.0231735e-002
  1.3500000e+000  2.9997954e+000 -4.0432097e-002
  1.3600000e+000  2.9997930e+000 -4.0630412e-002
  1.3700000e+000  2.9997910e+000 -4.0826672e-002
  1.3800000e+000  2.9997899e+000 -4.1020868e-002
  1.3900000e+000  2.9997900e+000 -4.1212994e-002
  1.4000000e+000  2.9997919e+000 -4.1403039e-002
  1.4100000e+000  2.9997959e+000 -4.1590998e-002
  1.4200000e+000  2.9998025e+000 -4.1776861e-002
  1.4300000e+000  2.9998116e+000 -4.1960622e-002
  1.4400000e+000  2.9998228e+000 -4.2142274e-002
  1.4500000e+000  2.9998353e+000 -4.2321808e-002
  1.4600000e+000  2.9998486e+000 -4.2499218e-002
  1.4700000e+000  2.9998619e+000 -4.2674497e-002
  1.4800000e+000  2.9998747e+000 -4.2847638e-002
  1.4900000e+000  2.9998862e+000 -4.3018635e-002
  1.5000000e+000  2.9998959e+000 -4.3187481e-002
  1.5100000e+000  2.9999031e+000 -4.3354170e-002
  1.5200000e+000  2.9999077e+000 -4.3518696e-002
  1.5300000e+000  2.9999101e+000 -4.3681052e-002
  1.5400000e+000  2.9999107e+000 -4.3841234e-002
  1.5500000e+000  2.9999099e+000 -4.3999235e-002
  1.5600000e+000  2.9999081e+000 -4.4155050e-002
  1.5700000e+000  2.9999057e+000 -4.4308674e-002
  1.5800000e+000  2.9999031e+000 -4.4460101e-002
  1.5900000e+000  2.9999007e+000 -4.4609326e-002
  1.6000000e+000  2.9998990e+000 -4.4756345e-002
  1.6100000e+000  2.9998980e+000 -4.4901153e-002
  1.6200000e+000  2.9998976e+000 -4.5043746e-002
  1.6300000e+000  2.9998976e+000 -4.5184119e-002
  1.6400000e+000  2.9998979e+000 -4.5322268e-002
  1.6500000e+000  2.9998985e+000 -4.5458189e-002
  1.6600000e+000  2.9998991e+000 -4.5591878e-002
  1.6700000e+000  2.9998996e+000 -4.5723332e-002
  1.6800000e+000  2.9999000e+000 -4.5852547e-002
  1.6900000e+000  2.9999000e+000 -4.5979519e-002
  1.7000000e+000  2.9998998e+000 -4.6104247e-002
  1.7100000e+000  2.9998993e+000 -4.6226726e-002
  1.7200000e+000  2.9998989e+000 -4.6346954e-002
  1.7300000e+000  2.9998985e+000 -4.6464928e-002
  1.7400000e+000  2.9998983e+000 -4.6580646e-002
  1.7500000e+000  2.9998984e+000 -4.6694105e-002
  1.7600000e+000  2.9998989e+000 -4.6805304e-002
  1.7700000e+000  2.9998999e+000 -4.6914241e-002
  1.7800000e+000  2.9999015e+000 -4.7020913e-002
  1.7900000e+000  2.9999034e+000 -4.7125319e-002
  1.8000000e+000  2.9999053e+000 -4.7227458e-002
  1.8100000e+000  2.9999070e+000 -4.7327329e-002
  1.8200000e+000  2.9999080e+000 -4.7424930e-002
  1.8300000e+000  2.9999081e+000 -4.7520260e-002
  1.8400000e+000  2.9999070e+000 -4.7613320e-002
  1.8500000e+000  2.9999043e+000 -4.7704107e-002
  1.8600000e+000  2.9998997e+000 -4.7792622e-002
  1.8700000e+000  2.9998930e+000 -4.7878866e-002
  1.8800000e+000  2.9998844e+000 -4.7962836e-002
  1.8900000e+000  2.9998743e+000 -4.8044535e-002
  1.9000000e+000  2.9998629e+000 -4.8123962e-002
  1.9100000e+000  2.9998505e+000 -4.8201117e-002
  1.9200000e+000  2.9998374e+000 -4.8276002e-002
  1.9300000e+000  2.9998240e+000 -4.8348617e-002
  1.9400000e+000  2.9998105e+000 -4.8418963e-002
  1.9500000e+000  2.9997972e+000 -4.8487042e-002
  1.9600000e+000  2.9997844e+000 -4.8552854e-002
  1.9700000e+000  2.9997720e+000 -4.8616403e-002
  1.9800000e+000  2.9997600e+000 -4.8677688e-002
  1.9900000e+000  2.9997485e+000 -4.8736712e-002
  2.0000000e+000  2.9997374e+000 -4.8793477e-002
  2.0100000e+000  2.9997266e+000 -4.8847986e-002
  2.0200000e+000  2.9997163e+000 -4.8900241e-002
  2.0300000e+000  2.9997063e+000 -4.8950244e-002
  2.0400000e+000  2.9996967e+000 -4.8997999e-002
  2.0500000e+000  2.9996873e+000 -4.9043507e-002
  2.0600000e+000  2.9996779e+000 -4.9086773e-002
  2.0700000e+000  2.9996683e+000 -4.9127800e-002
  2.0800000e+000  2.9996582e+000 -4.9166591e-002
  2.0900000e+000  2.9996474e+000 -4.9203150e-002
  2.1000000e+000  2.9996356e+000 -4.9237480e-002
  2.1100000e+000  2.9996225e+000 -4.9269586e-002
  2.1200000e+000  2.9996079e+000 -4.9299472e-002
  2.1300000e+000  2.9995916e+000 -4.9327142e-002
  2.1400000e+000  2.9995735e+000 -4.9352601e-002
  2.1500000e+000  2.9995538e+000 -4.9375853e-002
  2.1600000e+000  2.9995326e+000 -4.9396903e-002
  2.1700000e+000  2.9995100e+000 -4.9415756e-002
  2.1800000e+000  2.9994863e+000 -4.9432418e-002
  2.1900000e+000  2.9994615e+000 -4.9446894e-002
  2.2000000e+000  2.9994358e+000 -4.9459189e-002
  2.2100000e+000  2.9994094e+000 -4.9469309e-002
  2.2200000e+000  2.9993824e+000 -4.9477260e-002
  2.2300000e+000  2.9993546e+000 -4.9483048e-002
  2.2400000e+000  2.9993257e+000 -4.9486679e-002
  2.2500000e+000  2.9992953e+000 -4.9488159e-002
  2.2600000e+000  2.9992631e+000 -4.9487496e-002
  2.2700000e+000  2.9992288e+000 -4.9484695e-002
  2.2800000e+000  2.9991920e+000 -4.9479764e-002
  2.2900000e+000  2.9991523e+000 -4.9472709e-002
  2.3000000e+000  2.9991094e+000 -4.9463538e-002
  2.3100000e+000  2.9990631e+000 -4.9452257e-002
  2.3200000e+000  2.9990134e+000 -4.9438876e-002
  2.3300000e+000  2.9989608e+000 -4.9423401e-002
  2.3400000e+000  2.9989056e+000 -4.9405839e-002
  2.3500000e+000  2.9988481e+000 -4.9386200e-002
  2.3600000e+000  2.9987889e+000 -4.9364490e-002
  2.3700000e+000  2.9987281e+000 -4.9340719e-002
  2.3800000e+000  2.9986663e+000 -4.9314895e-002
  2.3900000e+000  2.9986038e+000 -4.9287026e-002
  2.4000000e+000  2.9985408e+000 -4.9257121e-002
  2.4100000e+000  2.9984772e+000 -4.9225189e-002
  2.4200000e+000  2.9984128e+000 -4.9191239e-002
  2.4300000e+000  2.9983473e+000 -4.9155280e-002
  2.4400000e+000  2.9982804e+000 -4.9117321e-002
  2.4500000e+000  2.9982119e+000 -4.9077373e-002
  2.4600000e+000  2.9981415e+000 -4.9035444e-002
  2.4700000e+000  2.9980689e+000 -4.8991544e-002
  2.4800000e+000  2.9979939e+000 -4.8945683e-002
  2.4900000e+000  2.9979162e+000 -4.8897872e-002
  2.5000000e+000  2.9978357e+000 -4.8848120e-002
  2.5100000e+000  2.9977520e+000 -4.8796438e-002
  2.5200000e+000  2.9976652e+000 -4.8742836e-002
  2.5300000e+000  2.9975748e+000 -4.8687325e-002
  2.5400000e+000  2.9974809e+000 -4.8629915e-002
  2.5500000e+000  2.9973831e+000 -4.8570618e-002
  2.5600000e+000  2.9972813e+000 -4.8509444e-002
  2.5700000e+000  2.9971752e+000 -4.8446405e-002
  2.5800000e+000  2.9970649e+000 -4.8381511e-002
  2.5900000e+000  2.9969505e+000 -4.8314774e-002
  2.6000000e+000  2.9968320e+000 -4.8246206e-002
  2.6100000e+000  2.9967098e+000 -4.8175819e-002
  2.6200000e+000  2.9965838e+000 -4.8103623e-002
  2.6300000e+000  2.9964544e+000 -4.8029631e-002
  2.6400000e+000  2.9963217e+000 -4.7953855e-002
  2.6500000e+000  2.9961858e+000 -4.7876307e-002
  2.6600000e+000  2.9960469e+000 -4.7797000e-002
  2.6700000e+000  2.9959049e+000 -4.7715945e-002
  2.6800000e+000  2.9957593e+000 -4.7633155e-002
  2.6900000e+000  2.9956098e+000 -4.7548642e-002
  2.7000000e+000  2.9954559e+000 -4.7462420e-002
  2.7100000e+000  2.9952971e+000 -4.7374501e-002
  2.7200000e+000  2.9951330e+000 -4.7284898e-002
  2.7300000e+000  2.9949631e+000 -4.7193625e-002
  2.7400000e+000  2.9947869e+000 -4.7100693e-002
  2.7500000e+000  2.9946041e+000 -4.7006117e-002
  2.7600000e+000  2.9944143e+000 -4.6909909e-002
  2.7700000e+000  2.9942174e+000 -4.6812084e-002
  2.7800000e+000  2.9940133e+000 -4.6712654e-002
  2.7900000e+000  2.9938020e+000 -4.6611633e-002
  2.8000000e+000  2.9935832e+000 -4.6509036e-002
  2.8100000e+000  2.9933570e+000 -4.6404875e-002
  2.8200000e+000  2.9931231e+000 -4.6299165e-002
  2.8300000e+000  2.9928815e+000 -4.6191920e-002
  2.8400000e+000  2.9926320e+000 -4.6083153e-002
  2.8500000e+000  2.9923747e+000 -4.5972880e-002
  2.8600000e+000  2.9921096e+000 -4.5861113e-002
  2.8700000e+000  2.9918368e+000 -4.5747868e-002
  2.8800000e+000  2.9915564e+000 -4.5633159e-002
  2.8900000e+000  2.9912685e+000 -4.5517000e-002
  2.9000000e+000  2.9909730e+000 -4.5399406e-002
  2.9100000e+000  2.9906701e+000 -4.5280392e-002
  2.9200000e+000  2.9903598e+000 -4.5159972e-002
  2.9300000e+000  2.9900421e+000 -4.5038161e-002
  2.9400000e+000  2.9897163e+000 -4.4914974e-002
  2.9500000e+000  2.9893812e+000 -4.4790426e-002
  2.9600000e+000  2.9890358e+000 -4.4664531e-002
  2.9700000e+000  2.9886791e+000 -4.4537306e-002
  2.9800000e+000  2.9883099e+000 -4.4408764e-002
  2.9900000e+000  2.9879272e+000 -4.4278921e-002
  3.0000000e+000  2.9875298e+000 -4.4147793e-002
  3.0100000e+000  2.9871169e+000 -4.4015395e-002
  3.0200000e+000  2.9866873e+000 -4.3881741e-002
  3.0300000e+000  2.9862409e+000 -4.3746848e-002
  3.0400000e+000  2.9857777e+000 -4.3610730e-002
  3.0500000e+000  2.9852976e+000 -4.3473404e-002
  3.0600000e+000  2.9848005e+000 -4.3334885e-002
  3.0700000e+000  2.9842866e+000 -4.3195188e-002
  3.0800000e+000  2.9837556e+000 -4.3054329e-002
  3.0900000e+000  2.9832077e+000 -4.2912323e-002
  3.1000000e+000  2.9826427e+000 -4.2769187e-002
  3.1100000e+000  2.9820606e+000 -4.2624936e-002
  3.1200000e+000  2.9814606e+000 -4.2479586e-002
  3.1300000e+000  2.9808424e+000 -4.2333152e-002
  3.1400000e+000  2.9802051e+000 -4.2185651e-002
  3.1500000e+000  2.9795483e+000 -4.2037099e-002
  3.1600000e+000  2.9788712e+000 -4.1887510e-002
  3.1700000e+000  2.9781733e+000 -4.1736902e-002
  3.1800000e+000  2.9774540e+000 -4.1585289e-002
  3.1900000e+000  2.9767125e+000 -4.1432689e-002
  3.2000000e+000  2.9759483e+000 -4.1279117e-002
  3.2100000e+000  2.9751605e+000 -4.1124588e-002
  3.2200000e+000  2.9743480e+000 -4.0969120e-002
  3.2300000e+000  2.9735100e+000 -4.0812728e-002
  3.2400000e+000  2.9726455e+000 -4.0655428e-002
  3.2500000e+000  2.9717536e+000 -4.0497235e-002
  3.2600000e+000  2.9708334e+000 -4.0338167e-002
  3.2700000e+000  2.9698841e+000 -4.0178239e-002
  3.2800000e+000  2.9689045e+000 -4.0017468e-002
  3.2900000e+000  2.9678936e+000 -3.9855868e-002
  3.3000000e+000  2.9668496e+000 -3.9693457e-002
  3.3100000e+000  2.9657711e+000 -3.9530250e-002
  3.3200000e+000  2.9646563e+000 -3.9366264e-002
  3.3300000e+000  2.9635036e+000 -3.9201514e-002
  3.3400000e+000  2.9623114e+000 -3.9036017e-002
  3.3500000e+000  2.9610780e+000 -3.8869788e-002
  3.3600000e+000  2.9598018e+000 -3.8702844e-002
  3.3700000e+000  2.9584813e+000 -3.8535200e-002
  3.3800000e+000  2.9571153e+000 -3.8366873e-002
  3.3900000e+000  2.9557034e+000 -3.8197878e-002
  3.4000000e+000  2.9542449e+000 -3.8028232e-002
  3.4100000e+000  2.9527395e+000 -3.7857950e-002
  3.4200000e+000  2.9511864e+000 -3.7687048e-002
  3.4300000e+000  2.9495853e+000 -3.7515543e-002
  3.4400000e+000  2.9479356e+000 -3.7343449e-002
  3.4500000e+000  2.9462367e+000 -3.7170784e-002
  3.4600000e+000  2.9444879e+000 -3.6997561e-002
  3.4700000e+000  2.9426848e+000 -3.6823798e-002
  3.4800000e+000  2.9408211e+000 -3.6649511e-002
  3.4900000e+000  2.9388905e+000 -3.6474714e-002
  3.5000000e+000  2.9368867e+000 -3.6299423e-002
  3.5100000e+000  2.9348032e+000 -3.6123654e-002
  3.5200000e+000  2.9326338e+000 -3.5947423e-002
  3.5300000e+000  2.9303720e+000 -3.5770745e-002
  3.5400000e+000  2.9280115e+000 -3.5593636e-002
  3.5500000e+000  2.9255466e+000 -3.5416111e-002
  3.5600000e+000  2.9229744e+000 -3.5238185e-002
  3.5700000e+000  2.9202940e+000 -3.5059874e-002
  3.5800000e+000  2.9175040e+000 -3.4881192e-002
  3.5900000e+000  2.9146033e+000 -3.4702157e-002
  3.6000000e+000  2.9115905e+000 -3.4522781e-002
  3.6100000e+000  2.9084646e+000 -3.4343081e-002
  3.6200000e+000  2.9052243e+000 -3.4163072e-002
  3.6300000e+000  2.9018683e+000 -3.3982769e-002
  3.6400000e+000  2.8983942e+000 -3.3802186e-002
  3.6500000e+000  2.8947941e+000 -3.3621339e-002
  3.6600000e+000  2.8910584e+000 -3.3440242e-002
  3.6700000e+000  2.8871778e+000 -3.3258910e-002
  3.6800000e+000  2.8831429e+000 -3.3077358e-002
  3.6900000e+000  2.8789443e+000 -3.2895600e-002
  3.7000000e+000  2.8745725e+000 -3.2713651e-002
  3.7100000e+000  2.8700181e+000 -3.2531525e-002
  3.7200000e+000  2.8652718e+000 -3.2349238e-002
  3.7300000e+000  2.8603262e+000 -3.2166803e-002
  3.7400000e+000  2.8551800e+000 -3.1984234e-002
  3.7500000e+000  2.8498329e+000 -3.1801545e-002
  3.7600000e+000  2.8442844e+000 -3.1618752e-002
  3.7700000e+000  2.8385341e+000 -3.1435867e-002
  3.7800000e+000  2.8325818e+000 -3.1252904e-002
  3.7900000e+000  2.8264270e+000 -3.1069879e-002
  3.8000000e+000  2.8200694e+000 -3.0886803e-002
  3.8100000e+000  2.8135084e+000 -3.0703692e-002
  3.8200000e+000  2.8067299e+000 -3.0520558e-002
  3.8300000e+000  2.7996945e+000 -3.0337416e-002
  3.8400000e+000  2.7923602e+000 -3.0154278e-002
  3.8500000e+000  2.7846851e+000 -2.9971158e-002
  3.8600000e+000  2.7766271e+000 -2.9788069e-002
  3.8700000e+000  2.7681443e+000 -2.9605025e-002
  3.8800000e+000  2.7591945e+000 -2.9422038e-002
  3.8900000e+000  2.7497358e+000 -2.9239121e-002
  3.9000000e+000  2.7397269e+000 -2.9056288e-002
  3.9100000e+000  2.7291538e+000 -2.8873551e-002
  3.9200000e+000  2.7180354e+000 -2.8690922e-002
  3.9300000e+000  2.7063930e+000 -2.8508415e-002
  3.9400000e+000  2.6942478e+000 -2.8326042e-002
  3.9500000e+000  2.6816209e+000 -2.8143814e-002
  3.9600000e+000  2.6685337e+000 -2.7961746e-002
  3.9700000e+000  2.6550071e+000 -2.7779848e-002
  3.9800000e+000  2.6410626e+000 -2.7598133e-002
  3.9900000e+000  2.6267196e+000 -2.7416612e-002
  4.0000000e+000  2.6119699e+000 -2.7235299e-002
  4.0100000e+000  2.5967813e+000 -2.7045750e-002
  4.0200000e+000  2.5811210e+000 -2.6839767e-002
  4.0300000e+000  2.5649561e+000 -2.6617746e-002
  4.0400000e+000  2.5482536e+000 -2.6380113e-002
  4.0500000e+000  2.5309808e+000 -2.6127318e-002
  4.0600000e+000  2.5131046e+000 -2.5859841e-002
  4.0700000e+000  2.4945923e+000 -2.5578183e-002
  4.0800000e+000  2.4754146e+000 -2.5282869e-002
  4.0900000e+000  2.4555800e+000 -2.4974445e-002
  4.1000000e+000  2.4351185e+000 -2.4653476e-002
  4.1100000e+000  2.4140602e+000 -2.4320546e-002
  4.1200000e+000  2.3924354e+000 -2.3976251e-002
  4.1300000e+000  2.3702742e+000 -2.3621207e-002
  4.1400000e+000  2.3476070e+000 -2.3256036e-002
  4.1500000e+000  2.3244638e+000 -2.2881376e-002
  4.1600000e+000  2.3008749e+000 -2.2497871e-002
  4.1700000e+000  2.2768709e+000 -2.2106170e-002
  4.1800000e+000  2.2524845e+000 -2.1706931e-002
  4.1900000e+000  2.2277494e+000 -2.1300813e-002
  4.2000000e+000  2.2026993e+000 -2.0888475e-002
  4.2100000e+000  2.1773677e+000 -2.0470579e-002
  4.2200000e+000  2.1517883e+000 -2.0047782e-002
  4.2300000e+000  2.1259948e+000 -1.9620739e-002
  4.2400000e+000  2.1000208e+000 -1.9190099e-002
  4.2500000e+000  2.0739000e+000 -1.8756504e-002
  4.2600000e+000  2.0476704e+000 -1.8320587e-002
  4.2700000e+000  2.0213879e+000 -1.7882972e-002
  4.2800000e+000  1.9951128e+000 -1.7444271e-002
  4.2900000e+000  1.9689054e+000 -1.7005083e-002
  4.3000000e+000  1.9428260e+000 -1.6565995e-002
  4.3100000e+000  1.9169349e+000 -1.6127576e-002
  4.3200000e+000  1.8912922e+000 -1.5690381e-002
  4.3300000e+000  1.8659471e+000 -1.5254946e-002
  4.3400000e+000  1.8409318e+000 -1.4821791e-002
  4.3500000e+000  1.8162770e+000 -1.4391415e-002
  4.3600000e+000  1.7920134e+000 -1.3964299e-002
  4.3700000e+000  1.7681718e+000 -1.3540901e-002
  4.3800000e+000  1.7447828e+000 -1.3121661e-002
  4.3900000e+000  1.7218776e+000 -1.2706995e-002
  4.4000000e+000  1.6994932e+000 -1.2297298e-002
  4.4100000e+000  1.6776700e+000 -1.1892944e-002
  4.4200000e+000  1.6564485e+000 -1.1494281e-002
  4.4300000e+000  1.6358694e+000 -1.1101638e-002
  4.4400000e+000  1.6159730e+000 -1.0715320e-002
  4.4500000e+000  1.5968000e+000 -1.0335607e-002
  4.4600000e+000  1.5783786e+000 -9.9627589e-003
  4.4700000e+000  1.5606876e+000 -9.5970124e-003
  4.4800000e+000  1.5436937e+000 -9.2385814e-003
  4.4900000e+000  1.5273632e+000 -8.8876574e-003
  4.5000000e+000  1.5116628e+000 -8.5444107e-003
  4.5100000e+000  1.4965591e+000 -8.2089897e-003
  4.5200000e+000  1.4820186e+000 -7.8815220e-003
  4.5300000e+000  1.4680159e+000 -7.5621146e-003
  4.5400000e+000  1.4545377e+000 -7.2508546e-003
  4.5500000e+000  1.4415720e+000 -6.9478099e-003
  4.5600000e+000  1.4291063e+000 -6.6530292e-003
  4.5700000e+000  1.4171286e+000 -6.3665434e-003
  4.5800000e+000  1.4056267e+000 -6.0883661e-003
  4.5900000e+000  1.3945884e+000 -5.8184939e-003
  4.6000000e+000  1.3840042e+000 -5.5569077e-003
  4.6100000e+000  1.3738655e+000 -5.3035730e-003
  4.6200000e+000  1.3641640e+000 -5.0584409e-003
  4.6300000e+000  1.3548915e+000 -4.8214490e-003
  4.6400000e+000  1.3460396e+000 -4.5925219e-003
  4.6500000e+000  1.3376000e+000 -4.3715722e-003
  4.6600000e+000  1.3295577e+000 -4.1585012e-003
  4.6700000e+000  1.3218715e+000 -3.9531998e-003
  4.6800000e+000  1.3144933e+000 -3.7555492e-003
  4.6900000e+000  1.3073754e+000 -3.5654216e-003
  4.7000000e+000  1.3004698e+000 -3.3826813e-003
  4.7100000e+000  1.2937287e+000 -3.2071850e-003
  4.7200000e+000  1.2871042e+000 -3.0387831e-003
  4.7300000e+000  1.2805625e+000 -2.8773198e-003
  4.7400000e+000  1.2740911e+000 -2.7226342e-003
  4.7500000e+000  1.2676792e+000 -2.5745611e-003
  4.7600000e+000  1.2613160e+000 -2.4329313e-003
  4.7700000e+000  1.2549909e+000 -2.2975725e-003
  4.7800000e+000  1.2486930e+000 -2.1683098e-003
  4.7900000e+000  1.2424117e+000 -2.0449664e-003
  4.8000000e+000  1.2361366e+000 -1.9273640e-003
  4.8100000e+000  1.2298577e+000 -1.8153235e-003
  4.8200000e+000  1.2235646e+000 -1.7086655e-003
  4.8300000e+000  1.2172474e+000 -1.6072105e-003
  4.8400000e+000  1.2108959e+000 -1.5107800e-003
  4.8500000e+000  1.2045000e+000 -1.4191960e-003
  4.8600000e+000  1.1980526e+000 -1.3322823e-003
  4.8700000e+000  1.1915593e+000 -1.2498643e-003
  4.8800000e+000  1.1850286e+000 -1.1717694e-003
  4.8900000e+000  1.1784691e+000 -1.0978276e-003
  4.9000000e+000  1.1718896e+000 -1.0278716e-003
  4.9100000e+000  1.1652984e+000 -9.6173689e-004
  4.9200000e+000  1.1587044e+000 -8.9926229e-004
  4.9300000e+000  1.1521150e+000 -8.4028997e-004
  4.9400000e+000  1.1455363e+000 -7.8466571e-004
  4.9500000e+000  1.1389743e+000 -7.3223900e-004
  4.9600000e+000  1.1324350e+000 -6.8286323e-004
  4.9700000e+000  1.1259242e+000 -6.3639577e-004
  4.9800000e+000  1.1194479e+000 -5.9269808e-004
  4.9900000e+000  1.1130127e+000 -5.5163580e-004
  5.0000000e+000  1.1066324e+000 -5.1307876e-004
  5.0100000e+000  1.1003254e+000 -4.7690108e-004
  5.0200000e+000  1.0941101e+000 -4.4298115e-004
  5.0300000e+000  1.0880051e+000 -4.1120166e-004
  5.0400000e+000  1.0820289e+000 -3.8144958e-004
  5.0500000e+000  1.0762000e+000 -3.5361614e-004
  5.0600000e+000  1.0705326e+000 -3.2759683e-004
  5.0700000e+000  1.0650237e+000 -3.0329130e-004
  5.0800000e+000  1.0596663e+000 -2.8060336e-004
  5.0900000e+000  1.0544530e+000 -2.5944090e-004
  5.1000000e+000  1.0493769e+000 -2.3971580e-004
  5.1100000e+000  1.0444305e+000 -2.2134389e-004
  5.1200000e+000  1.0396069e+000 -2.0424482e-004
  5.1300000e+000  1.0349008e+000 -1.8834201e-004
  5.1400000e+000  1.0303099e+000 -1.7356254e-004
  5.1500000e+000  1.0258323e+000 -1.5983704e-004
  5.1600000e+000  1.0214658e+000 -1.4709960e-004
  5.1700000e+000  1.0172086e+000 -1.3528766e-004
  5.1800000e+000  1.0130585e+000 -1.2434191e-004
  5.1900000e+000  1.0090132e+000 -1.1420615e-004
  5.2000000e+000  1.0050648e+000 -1.0482722e-004
  5.2100000e+000  1.0012020e+000 -9.6154861e-005
  5.2200000e+000  9.9741350e-001 -8.8141626e-005
  5.2300000e+000  9.9368789e-001 -8.0742740e-005
  5.2400000e+000  9.9001384e-001 -7.3916011e-005
  5.2500000e+000  9.8638000e-001 -6.7621713e-005
  5.2600000e+000  9.8277421e-001 -6.1822479e-005
  5.2700000e+000  9.7918104e-001 -5.6483197e-005
  5.2800000e+000  9.7558425e-001 -5.1570902e-005
  5.2900000e+000  9.7196760e-001 -4.7054675e-005
  5.3000000e+000  9.6831486e-001 -4.2905545e-005
  5.3100000e+000  9.6460977e-001 -3.9096391e-005
  5.3200000e+000  9.6083618e-001 -3.5601844e-005
  5.3300000e+000  9.5698223e-001 -3.2398202e-005
  5.3400000e+000  9.5304285e-001 -2.9463335e-005
  5.3500000e+000  9.4901353e-001 -2.6776603e-005
  5.3600000e+000  9.4488979e-001 -2.4318771e-005
  5.3700000e+000  9.4066713e-001 -2.2071932e-005
  5.3800000e+000  9.3634106e-001 -2.0019427e-005
  5.3900000e+000  9.3190702e-001 -1.8145775e-005
  5.4000000e+000  9.2735968e-001 -1.6436599e-005
  5.4100000e+000  9.2269323e-001 -1.4878561e-005
  5.4200000e+000  9.1790186e-001 -1.3459301e-005
  5.4300000e+000  9.1297974e-001 -1.2167367e-005
  5.4400000e+000  9.0792106e-001 -1.0992166e-005
  5.4500000e+000  9.0272000e-001 -9.9239025e-006
  5.4600000e+000  8.9737442e-001 -8.9535291e-006
  5.4700000e+000  8.9189693e-001 -8.0726953e-006
  5.4800000e+000  8.8630381e-001 -7.2737004e-006
  5.4900000e+000  8.8061136e-001 -6.5494495e-006
  5.5000000e+000  8.7483585e-001 -5.8934109e-006
  5.5100000e+000  8.6899357e-001 -5.2995767e-006
  5.5200000e+000  8.6310076e-001 -4.7624253e-006
  5.5300000e+000  8.5717022e-001 -4.2768862e-006
  5.5400000e+000  8.5120941e-001 -3.8383072e-006
  5.5500000e+000  8.4522532e-001 -3.4424235e-006
  5.5600000e+000  8.3922494e-001 -3.0853282e-006
  5.5700000e+000  8.3321526e-001 -2.7634459e-006
  5.5800000e+000  8.2720327e-001 -2.4735066e-006
  5.5900000e+000  8.2119603e-001 -2.2125225e-006
  5.6000000e+000  8.1520140e-001 -1.9777656e-006
  5.6100000e+000  8.0922773e-001 -1.7667474e-006
  5.6200000e+000  8.0328339e-001 -1.5771993e-006
  5.6300000e+000  7.9737674e-001 -1.4070554e-006
  5.6400000e+000  7.9151616e-001 -1.2544355e-006
  5.6500000e+000  7.8571000e-001 -1.1176297e-006
  5.6600000e+000  7.7996467e-001 -9.9508471e-007
  5.6700000e+000  7.7427871e-001 -8.8539006e-007
  5.6800000e+000  7.6864867e-001 -7.8726640e-007
  5.6900000e+000  7.6307111e-001 -6.9955404e-007
  5.7000000e+000  7.5754261e-001 -6.2120265e-007
  5.7100000e+000  7.5205972e-001 -5.5126168e-007
  5.7200000e+000  7.4661904e-001 -4.8887157e-007
  5.7300000e+000  7.4121852e-001 -4.3325564e-007
  5.7400000e+000  7.3585826e-001 -3.8371266e-007
  5.7500000e+000  7.3053855e-001 -3.3961003e-007
  5.7600000e+000  7.2525969e-001 -3.0037746e-007
  5.7700000e+000  7.2002195e-001 -2.6550128e-007
  5.7800000e+000  7.1482564e-001 -2.3451918e-007
  5.7900000e+000  7.0966957e-001 -2.0701535e-007
  5.8000000e+000  7.0453560e-001 -1.8261615e-007
  5.8100000e+000  6.9939477e-001 -1.6098606e-007
  5.8200000e+000  6.9421794e-001 -1.4182402e-007
  5.8300000e+000  6.8897596e-001 -1.2486012e-007
  5.8400000e+000  6.8363970e-001 -1.0985255e-007
  5.8500000e+000  6.7818000e-001 -9.6584846e-008
  5.8600000e+000  6.7257369e-001 -8.4863366e-008
  5.8700000e+000  6.6682141e-001 -7.4515040e-008
  5.8800000e+000  6.6092976e-001 -6.5385290e-008
  5.8900000e+000  6.5490534e-001 -5.7336158e-008
  5.9000000e+000  6.4875475e-001 -5.0244616e-008
  5.9100000e+000  6.4248460e-001 -4.4001036e-008
  5.9200000e+000  6.3610149e-001 -3.8507797e-008
  5.9300000e+000  6.2961209e-001 -3.3678044e-008
  5.9400000e+000  6.2302318e-001 -2.9434554e-008
  5.9500000e+000  6.1634153e-001 -2.5708720e-008
  5.9600000e+000  6.0957393e-001 -2.2439638e-008
  5.9700000e+000  6.0272718e-001 -1.9573282e-008
  5.9800000e+000  5.9580804e-001 -1.7061760e-008
  5.9900000e+000  5.8882388e-001 -1.4862656e-008
  6.0000000e+000  5.8178861e-001 -1.2938424e-008
  6.0100000e+000  5.7472030e-001 -1.1255861e-008
  6.0200000e+000  5.6763713e-001 -9.7856228e-009
  6.0300000e+000  5.6055725e-001 -8.5017941e-009
  6.0400000e+000  5.5349882e-001 -7.3815077e-009
  6.0500000e+000  5.4648000e-001 -6.4045990e-009
  6.0600000e+000  5.3951811e-001 -5.5533006e-009
  6.0700000e+000  5.3262709e-001 -4.8119686e-009
  6.0800000e+000  5.2582004e-001 -4.1668394e-009
  6.0900000e+000  5.1911008e-001 -3.6058121e-009
  6.1000000e+000  5.1251028e-001 -3.1182561e-009
  6.1100000e+000  5.0603377e-001 -2.6948390e-009
  6.1200000e+000  4.9969358e-001 -2.3273743e-009
  6.1300000e+000  4.9349902e-001 -2.0086857e-009
  6.1400000e+000  4.8745358e-001 -1.7324874e-009
  6.1500000e+000  4.8156023e-001 -1.4932775e-009
  6.1600000e+000  4.7582195e-001 -1.2862439e-009
  6.1700000e+000  4.7024171e-001 -1.1071805e-009
  6.1800000e+000  4.6482250e-001 -9.5241429e-010
  6.1900000e+000  4.5956702e-001 -8.1873942e-010
  6.2000000e+000  4.5447500e-001 -7.0336026e-010
  6.2100000e+000  4.4954428e-001 -6.0384055e-010
  6.2200000e+000  4.4477262e-001 -5.1805880e-010
  6.2300000e+000  4.4015783e-001 -4.4416891e-010
  6.2400000e+000  4.3569769e-001 -3.8056564e-010
  6.2500000e+000  4.3139000e-001 -3.2585419e-010
  6.2600000e+000  4.2722855e-001 -2.7882348e-010
  6.2700000e+000  4.2319118e-001 -2.3842276e-010
  6.2800000e+000  4.1925176e-001 -2.0374097e-010
  6.2900000e+000  4.1538414e-001 -1.7398882e-010
  6.3000000e+000  4.1156218e-001 -1.4848296e-010
  6.3100000e+000  4.0775974e-001 -1.2663221e-010
  6.3200000e+000  4.0395074e-001 -1.0792549e-010
  6.3300000e+000  4.0011398e-001 -9.1921309e-011
  6.3400000e+000  3.9623583e-001 -7.8238524e-011
  6.3500000e+000  3.9230332e-001 -6.6548364e-011
  6.3600000e+000  3.8830347e-001 -5.6567424e-011
  6.3700000e+000  3.8422332e-001 -4.8051583e-011
  6.3800000e+000  3.8004991e-001 -4.0790712e-011
  6.3900000e+000  3.7577103e-001 -3.4604067e-011
  6.4000000e+000  3.7138339e-001 -2.9336295e-011
  6.4100000e+000  3.6688941e-001 -2.4853964e-011
  6.4200000e+000  3.6229158e-001 -2.1042548e-011
  6.4300000e+000  3.5759241e-001 -1.7803823e-011
  6.4400000e+000  3.5279438e-001 -1.5053603e-011
  6.4500000e+000  3.4790000e-001 -1.2719789e-011
  6.4600000e+000  3.4291334e-001 -1.0740676e-011
  6.4700000e+000  3.3784473e-001 -9.0634927e-012
  6.4800000e+000  3.3270609e-001 -7.6431398e-012
  6.4900000e+000  3.2750932e-001 -6.4411033e-012
  6.5000000e+000  3.2226634e-001 -5.4245157e-012
  6.5100000e+000  3.1698905e-001 -4.5653483e-012
  6.5200000e+000  3.1168935e-001 -3.8397160e-012
  6.5300000e+000  3.0637839e-001 -3.2272792e-012
  6.5400000e+000  3.0106616e-001 -2.7107296e-012
  6.5500000e+000  2.9576252e-001 -2.2753493e-012
  6.5600000e+000  2.9047737e-001 -1.9086320e-012
  6.5700000e+000  2.8522059e-001 -1.5999579e-012
  6.5800000e+000  2.8000204e-001 -1.3403157e-012
  6.5900000e+000  2.7483225e-001 -1.1220647e-012
  6.6000000e+000  2.6972889e-001 -9.3873047e-013
  6.6100000e+000  2.6471425e-001 -7.8483097e-013
  6.6200000e+000  2.5981068e-001 -6.5572776e-013
  6.6300000e+000  2.5504055e-001 -5.4749885e-013
  6.6400000e+000  2.5042620e-001 -4.5683046e-013
  6.6500000e+000  2.4599000e-001 -3.8092468e-013
  6.6600000e+000  2.4174863e-001 -3.1742079e-013
  6.6700000e+000  2.3769616e-001 -2.6432839e-013
  6.6800000e+000  2.3382095e-001 -2.1997051e-013
  6.6900000e+000  2.3011141e-001 -1.8293521e-013
  6.7000000e+000  2.2655591e-001 -1.5203456e-013
  6.7100000e+000  2.2314285e-001 -1.2626982e-013
  6.7200000e+000  2.1986064e-001 -1.0480185e-013
  6.7300000e+000  2.1669956e-001 -8.6926169e-014
  6.7400000e+000  2.1365281e-001 -7.2051712e-014
  6.7500000e+000  2.1071382e-001 -5.9682945e-014
  6.7600000e+000  2.0787605e-001 -4.9404711e-014
  6.7700000e+000  2.0513294e-001 -4.0869437e-014
  6.7800000e+000  2.0247793e-001 -3.3786337e-014
  6.7900000e+000  1.9990393e-001 -2.7912307e-014
  6.8000000e+000  1.9739755e-001 -2.3044247e-014
  6.8100000e+000  1.9494141e-001 -1.9012598e-014
  6.8200000e+000  1.9251804e-001 -1.5675903e-014
  6.8300000e+000  1.9010999e-001 -1.2916232e-014
  6.8400000e+000  1.8769979e-001 -1.0635337e-014
  6.8500000e+000  1.8527000e-001 -8.7514255e-015
  6.8600000e+000  1.8280473e-001 -7.1964532e-015
  6.8700000e+000  1.8029442e-001 -5.9138508e-015
  6.8800000e+000  1.7773109e-001 -4.8566226e-015
  6.8900000e+000  1.7510676e-001 -3.9857540e-015
  6.9000000e+000  1.7241343e-001 -3.2688784e-015
  6.9100000e+000  1.6964314e-001 -2.6791632e-015
  6.9200000e+000  1.6678794e-001 -2.1943794e-015
  6.9300000e+000  1.6384368e-001 -1.7961243e-015
  6.9400000e+000  1.6081203e-001 -1.4691738e-015
  6.9500000e+000  1.5769519e-001 -1.2009422e-015
  6.9600000e+000  1.5449535e-001 -9.8103192e-016
  6.9700000e+000  1.5121470e-001 -8.0085944e-016
  6.9800000e+000  1.4785543e-001 -6.5334349e-016
  6.9900000e+000  1.4442006e-001 -5.3264636e-016
  7.0000000e+000  1.4091465e-001 -4.3395876e-016
  7.0100000e+000  1.3734755e-001 -3.5332150e-016
  7.0200000e+000  1.3372715e-001 -2.8747745e-016
  7.0300000e+000  1.3006183e-001 -2.3374891e-016
  7.0400000e+000  1.2635999e-001 -1.8993610e-016
  7.0500000e+000  1.2263000e-001 -1.5423308e-016
  7.0600000e+000  1.1888117e-001 -1.2515830e-016
  7.0700000e+000  1.1512640e-001 -1.0149715e-016
  7.0800000e+000  1.1137952e-001 -8.2254589e-017
  7.0900000e+000  1.0765436e-001 -6.6615995e-017
  7.1000000e+000  1.0396474e-001 -5.3914923e-017
  7.1100000e+000  1.0032448e-001 -4.3606531e-017
  7.1200000e+000  9.6747319e-002 -3.5245702e-017
  7.1300000e+000  9.3242063e-002 -2.8469044e-017
  7.1400000e+000  8.9809788e-002 -2.2980087e-017
  7.1500000e+000  8.6450895e-002 -1.8537131e-017
  7.1600000e+000  8.3165790e-002 -1.4943263e-017
  7.1700000e+000  7.9954873e-002 -1.2038169e-017
  7.1800000e+000  7.6818549e-002 -9.6914218e-018
  7.1900000e+000  7.3757629e-002 -7.7969836e-018
  7.2000000e+000  7.0777620e-002 -6.2687046e-018
  7.2100000e+000  6.7887029e-002 -5.0366415e-018
  7.2200000e+000  6.5094415e-002 -4.0440483e-018
  7.2300000e+000  6.2408334e-002 -3.2449177e-018
  7.2400000e+000  5.9837343e-002 -2.6019748e-018
  7.2500000e+000  5.7390000e-002 -2.0850407e-018
  7.2600000e+000  5.5072295e-002 -1.6696984e-018
  7.2700000e+000  5.2879952e-002 -1.3362064e-018
  7.2800000e+000  5.0806127e-002 -1.0686147e-018
  7.2900000e+000  4.8843978e-002 -8.5404498e-019
  7.3000000e+000  4.6986662e-002 -6.8210682e-019
  7.3100000e+000  4.5227335e-002 -5.4442251e-019
  7.3200000e+000  4.3559196e-002 -4.3424196e-019
  7.3300000e+000  4.1977882e-002 -3.4613022e-019
  7.3400000e+000  4.0482853e-002 -2.7571430e-019
  7.3500000e+000  3.9073902e-002 -2.1947804e-019
  7.3600000e+000  3.7750820e-002 -1.7459624e-019
  7.3700000e+000  3.6513399e-002 -1.3880040e-019
  7.3800000e+000  3.5361432e-002 -1.1027030e-019
  7.3900000e+000  3.4294261e-002 -8.7546425e-020
  7.4000000e+000  3.3306074e-002 -6.9459282e-020
  7.4100000e+000  3.2387762e-002 -5.5072421e-020
  7.4200000e+000  3.1530161e-002 -4.3636514e-020
  7.4300000e+000  3.0724109e-002 -3.4552378e-020
  7.4400000e+000  2.9960443e-002 -2.7341216e-020
  7.4500000e+000  2.9230000e-002 -2.1620698e-020
  7.4600000e+000  2.8525088e-002 -1.7085733e-020
  7.4700000e+000  2.7843900e-002 -1.3493030e-020
  7.4800000e+000  2.7186101e-002 -1.0648719e-020
  7.4900000e+000  2.6551355e-002 -8.3984129e-021
  7.5000000e+000  2.5939326e-002 -6.6192544e-021
  7.5100000e+000  2.5349680e-002 -5.2135423e-021
  7.5200000e+000  2.4782079e-002 -4.1036350e-021
  7.5300000e+000  2.4236189e-002 -3.2278736e-021
  7.5400000e+000  2.3711674e-002 -2.5373262e-021
  7.5500000e+000  2.3208199e-002 -1.9931870e-021
  7.5600000e+000  2.2725428e-002 -1.5647025e-021
  7.5700000e+000  2.2263024e-002 -1.2275169e-021
  7.5800000e+000  2.1820654e-002 -9.6235462e-022
  7.5900000e+000  2.1397980e-002 -7.5397121e-022
  7.6000000e+000  2.0994667e-002 -5.9031845e-022
  7.6100000e+000  2.0610381e-002 -4.6188081e-022
  7.6200000e+000  2.0244785e-002 -3.6114818e-022
  7.6300000e+000  1.9897543e-002 -2.8219733e-022
  7.6400000e+000  1.9568320e-002 -2.2035978e-022
  7.6500000e+000  1.9256780e-002 -1.7195853e-022
  7.6600000e+000  1.8962588e-002 -1.3409946e-022
  7.6700000e+000  1.8685409e-002 -1.0450626e-022
  7.6800000e+000  1.8424906e-002 -8.1389718e-023
  7.6900000e+000  1.8180743e-002 -6.3344471e-023
  7.7000000e+000  1.7952586e-002 -4.9267420e-023
  7.7100000e+000  1.7740099e-002 -3.8293306e-023
  7.7200000e+000  1.7542946e-002 -2.9743896e-023
  7.7300000e+000  1.7360791e-002 -2.3087918e-023
  7.7400000e+000  1.7193299e-002 -1.7909506e-023
  7.7500000e+000  1.7040134e-002 -1.3883354e-023
  7.7600000e+000  1.6900961e-002 -1.0755166e-023
  7.7700000e+000  1.6775444e-002 -8.3262938e-024
  7.7800000e+000  1.6663248e-002 -6.4416673e-024
  7.7900000e+000  1.6564036e-002 -4.9803144e-024
  7.8000000e+000  1.6477474e-002 -3.8479299e-024
  7.8100000e+000  1.6403225e-002 -2.9710466e-024
  7.8200000e+000  1.6340954e-002 -2.2924702e-024
  7.8300000e+000  1.6290325e-002 -1.7677051e-024
  7.8400000e+000  1.6251003e-002 -1.3621592e-024
  7.8500000e+000  1.6222653e-002 -1.0489573e-024
  7.8600000e+000  1.6204938e-002 -8.0723444e-025
  7.8700000e+000  1.6197522e-002 -6.2080248e-025
  7.8800000e+000  1.6200072e-002 -4.7711064e-025
  7.8900000e+000  1.6212250e-002 -3.6643476e-025
  7.9000000e+000  1.6233721e-002 -2.8124585e-025
  7.9100000e+000  1.6264149e-002 -2.1571854e-025
  7.9200000e+000  1.6303200e-002 -1.6534867e-025
  7.9300000e+000  1.6350536e-002 -1.2665602e-025
  7.9400000e+000  1.6405824e-002 -9.6953360e-026
  7.9500000e+000  1.6468726e-002 -7.4167180e-026
  7.9600000e+000  1.6538908e-002 -5.6698629e-026
  7.9700000e+000  1.6616034e-002 -4.3315689e-026
  7.9800000e+000  1.6699768e-002 -3.3069663e-026
  7.9900000e+000  1.6789775e-002 -2.5230520e-026
  8.0000000e+000  1.6885718e-002 -1.9236874e-026
  8.0100000e+000  1.6987263e-002 -1.4657323e-026
  8.0200000e+000  1.7094074e-002 -1.1160579e-026
  8.0300000e+000  1.7205815e-002 -8.4924036e-027
  8.0400000e+000  1.7322151e-002 -6.4578269e-027
  8.0500000e+000  1.7442746e-002 -4.9074292e-027
  8.0600000e+000  1.7567264e-002 -3.7267782e-027
  8.0700000e+000  1.7695370e-002 -2.8282963e-027
  8.0800000e+000  1.7826728e-002 -2.1450041e-027
  8.0900000e+000  1.7961002e-002 -1.6257105e-027
  8.1000000e+000  1.8097857e-002 -1.2313177e-027
  8.1100000e+000  1.8236958e-002 -9.3198496e-028
  8.1200000e+000  1.8377969e-002 -7.0495198e-028
  8.1300000e+000  1.8520553e-002 -5.3287091e-028
  8.1400000e+000  1.8664376e-002 -4.0252822e-028
  8.1500000e+000  1.8809102e-002 -3.0386627e-028
  8.1600000e+000  1.8954396e-002 -2.2923477e-028
  8.1700000e+000  1.9099921e-002 -1.7281854e-028
  8.1800000e+000  1.9245342e-002 -1.3020031e-028
  8.1900000e+000  1.9390323e-002 -9.8026959e-029
  8.2000000e+000  1.9534530e-002 -7.3754900e-029
  8.2100000e+000  1.9677625e-002 -5.5455938e-029
  8.2200000e+000  1.9819274e-002 -4.1669382e-029
  8.2300000e+000  1.9959141e-002 -3.1289447e-029
  8.2400000e+000  2.0096891e-002 -2.3479592e-029
  8.2500000e+000  2.0232187e-002 -1.7607391e-029
  8.2600000e+000  2.0364695e-002 -1.3195058e-029
  8.2700000e+000  2.0494078e-002 -9.8818766e-030
  8.2800000e+000  2.0620001e-002 -7.3957012e-030
  8.2900000e+000  2.0742129e-002 -5.5313495e-030
  8.3000000e+000  2.0860125e-002 -4.1342302e-030
  8.3100000e+000  2.0973655e-002 -3.0879483e-030
  8.3200000e+000  2.1082382e-002 -2.3049271e-030
  8.3300000e+000  2.1185971e-002 -1.7193179e-030
  8.3400000e+000  2.1284089e-002 -1.2816427e-030
  8.3500000e+000  2.1376564e-002 -9.5474973e-031
  8.3600000e+000  2.1463460e-002 -7.1076156e-031
  8.3700000e+000  2.1544858e-002 -5.2877402e-031
  8.3800000e+000  2.1620839e-002 -3.9312267e-031
  8.3900000e+000  2.1691487e-002 -2.9207734e-031
  8.4000000e+000  2.1756881e-002 -2.1685999e-031
  8.4100000e+000  2.1817104e-002 -1.6090620e-031
  8.4200000e+000  2.1872238e-002 -1.1931030e-031
  8.4300000e+000  2.1922365e-002 -8.8408668e-032
  8.4400000e+000  2.1967566e-002 -6.5467168e-032
  8.4500000e+000  2.2007923e-002 -4.8446683e-032
  8.4600000e+000  2.2043518e-002 -3.5827485e-032
  8.4700000e+000  2.2074433e-002 -2.6477707e-032
  8.4800000e+000  2.2100749e-002 -1.9554927e-032
  8.4900000e+000  2.2122548e-002 -1.4432574e-032
  8.5000000e+000  2.2139912e-002 -1.0644939e-032
  8.5100000e+000  2.2152923e-002 -7.8461085e-033
  8.5200000e+000  2.2161662e-002 -5.7793263e-033
  8.5300000e+000  2.2166212e-002 -4.2541411e-033
  8.5400000e+000  2.2166653e-002 -3.1293802e-033
  8.5500000e+000  2.2163068e-002 -2.3004698e-033
  8.5600000e+000  2.2155539e-002 -1.6899992e-033
  8.5700000e+000  2.2144147e-002 -1.2407041e-033
  8.5800000e+000  2.2128974e-002 -9.1025211e-034
  8.5900000e+000  2.2110101e-002 -6.6737038e-034
  8.6000000e+000  2.2087612e-002 -4.8897191e-034
  8.6100000e+000  2.2061586e-002 -3.5802441e-034
  8.6200000e+000  2.2032107e-002 -2.6197095e-034
  8.6300000e+000  2.1999255e-002 -1.9156023e-034
  8.6400000e+000  2.1963113e-002 -1.3998108e-034
  8.6500000e+000  2.1923763e-002 -1.0222216e-034
  8.6600000e+000  2.1881285e-002 -7.4598915e-035
  8.6700000e+000  2.1835763e-002 -5.4404110e-035
  8.6800000e+000  2.1787277e-002 -3.9649950e-035
  8.6900000e+000  2.1735910e-002 -2.8877880e-035
  8.7000000e+000  2.1681743e-002 -2.1018403e-035
  8.7100000e+000  2.1624857e-002 -1.5287830e-035
  8.7200000e+000  2.1565336e-002 -1.1112294e-035
  8.7300000e+000  2.1503260e-002 -8.0718543e-036
  8.7400000e+000  2.1438711e-002 -5.8594200e-036
  8.7500000e+000  2.1371771e-002 -4.2505749e-036
  8.7600000e+000  2.1302522e-002 -3.0814310e-036
  8.7700000e+000  2.1231045e-002 -2.2323841e-036
  8.7800000e+000  2.1157423e-002 -1.6162076e-036
  8.7900000e+000  2.1081737e-002 -1.1693299e-036
  8.8000000e+000  2.1004069e-002 -8.4545148e-037
  8.8100000e+000  2.0924500e-002 -6.1087456e-037
  8.8200000e+000  2.0843113e-002 -4.4108989e-037
  8.8300000e+000  2.0759988e-002 -3.1828331e-037
  8.8400000e+000  2.0675209e-002 -2.2951567e-037
  8.8500000e+000  2.0588856e-002 -1.6539506e-037
  8.8600000e+000  2.0501012e-002 -1.1910896e-037
  8.8700000e+000  2.0411758e-002 -8.5719179e-038
  8.8800000e+000  2.0321175e-002 -6.1648611e-038
  8.8900000e+000  2.0229347e-002 -4.4307810e-038
  8.9000000e+000  2.0136354e-002 -3.1823575e-038
  8.9100000e+000  2.0042278e-002 -2.2841748e-038
  8.9200000e+000  1.9947201e-002 -1.6384056e-038
  8.9300000e+000  1.9851205e-002 -1.1744247e-038
  8.9400000e+000  1.9754371e-002 -8.4128012e-039
  8.9500000e+000  1.9656782e-002 -6.0223746e-039
  8.9600000e+000  1.9558519e-002 -4.3083065e-039
  8.9700000e+000  1.9459663e-002 -3.0800453e-039
  8.9800000e+000  1.9360297e-002 -2.2004894e-039
  8.9900000e+000  1.9260503e-002 -1.5710614e-039
  9.0000000e+000  1.9160361e-002 -1.1209306e-039
  9.0100000e+000  1.9059955e-002 -7.9923765e-040
  9.0200000e+000  1.8959365e-002 -5.6948834e-040
  9.0300000e+000  1.8858673e-002 -4.0551359e-040
  9.0400000e+000  1.8757962e-002 -2.8856101e-040
  9.0500000e+000  1.8657312e-002 -2.0520199e-040
  9.0600000e+000  1.8556806e-002 -1.4582674e-040
  9.0700000e+000  1.8456526e-002 -1.0356295e-040
  9.0800000e+000  1.8356553e-002 -7.3499319e-041
  9.0900000e+000  1.8256968e-002 -5.2128339e-041
  9.1000000e+000  1.8157855e-002 -3.6946740e-041
  9.1100000e+000  1.8059294e-002 -2.6169175e-041
  9.1200000e+000  1.7961367e-002 -1.8523181e-041
  9.1300000e+000  1.7864156e-002 -1.3102458e-041
  9.1400000e+000  1.7767743e-002 -9.2619333e-042
  9.1500000e+000  1.7672210e-002 -6.5427777e-042
  9.1600000e+000  1.7577638e-002 -4.6188550e-042
  9.1700000e+000  1.7484109e-002 -3.2585031e-042
  9.1800000e+000  1.7391705e-002 -2.2972783e-042
  9.1900000e+000  1.7300507e-002 -1.6185298e-042
  9.2000000e+000  1.7210598e-002 -1.1395659e-042
  9.2100000e+000  1.7122059e-002 -8.0180701e-043
  9.2200000e+000  1.7034972e-002 -5.6378287e-043
  9.2300000e+000  1.6949412e-002 -3.9615537e-043
  9.2400000e+000  1.6865395e-002 -2.7818317e-043
  9.2500000e+000  1.6782900e-002 -1.9521258e-043
  9.2600000e+000  1.6701905e-002 -1.3689777e-043
  9.2700000e+000  1.6622392e-002 -9.5939307e-044
  9.2800000e+000  1.6544338e-002 -6.7190584e-044
  9.2900000e+000  1.6467723e-002 -4.7025333e-044
  9.3000000e+000  1.6392527e-002 -3.2890234e-044
  9.3100000e+000  1.6318728e-002 -2.2988661e-044
  9.3200000e+000  1.6246306e-002 -1.6057282e-044
  9.3300000e+000  1.6175240e-002 -1.1208358e-044
  9.3400000e+000  1.6105510e-002 -7.8185022e-045
  9.3500000e+000  1.6037094e-002 -5.4502542e-045
  9.3600000e+000  1.5969973e-002 -3.7968337e-045
  9.3700000e+000  1.5904125e-002 -2.6432485e-045
  9.3800000e+000  1.5839529e-002 -1.8389336e-045
  9.3900000e+000  1.5776165e-002 -1.2785146e-045
  9.4000000e+000  1.5714013e-002 -8.8829447e-046
  9.4100000e+000  1.5653050e-002 -6.1676515e-046
  9.4200000e+000  1.5593258e-002 -4.2795126e-046
  9.4300000e+000  1.5534615e-002 -2.9674294e-046
  9.4400000e+000  1.5477099e-002 -2.0562602e-046
  9.4500000e+000  1.5420692e-002 -1.4239258e-046
  9.4600000e+000  1.5365371e-002 -9.8539022e-047
  9.4700000e+000  1.5311117e-002 -6.8146057e-047
  9.4800000e+000  1.5257907e-002 -4.7096086e-047
  9.4900000e+000  1.5205723e-002 -3.2526736e-047
  9.5000000e+000  1.5154542e-002 -2.2449556e-047
  9.5100000e+000  1.5104345e-002 -1.5484123e-047
  9.5200000e+000  1.5055110e-002 -1.0672768e-047
  9.5300000e+000  1.5006817e-002 -7.3515534e-048
  9.5400000e+000  1.4959445e-002 -5.0604920e-048
  9.5500000e+000  1.4912974e-002 -3.4811117e-048
  9.5600000e+000  1.4867382e-002 -2.3930664e-048
  9.5700000e+000  1.4822649e-002 -1.6440050e-048
  9.5800000e+000  1.4778754e-002 -1.1286599e-048
  9.5900000e+000  1.4735677e-002 -7.7434522e-049
  9.6000000e+000  1.4693396e-002 -5.3090613e-049
  9.6100000e+000  1.4651892e-002 -3.6375790e-049
  9.6200000e+000  1.4611143e-002 -2.4906844e-049
  9.6300000e+000  1.4571128e-002 -1.7042627e-049
  9.6400000e+000  1.4531828e-002 -1.1653756e-049
  9.6500000e+000  1.4493220e-002 -7.9635537e-050
  9.6600000e+000  1.4455285e-002 -5.4382536e-050
  9.6700000e+000  1.4418002e-002 -3.7112787e-050
  9.6800000e+000  1.4381350e-002 -2.5310414e-050
  9.6900000e+000  1.4345308e-002 -1.7249896e-050
  9.7000000e+000  1.4309856e-002 -1.1748577e-050
  9.7100000e+000  1.4274972e-002 -7.9964208e-051
  9.7200000e+000  1.4240637e-002 -5.4389812e-051
  9.7300000e+000  1.4206829e-002 -3.6970135e-051
  9.7400000e+000  1.4173528e-002 -2.5112853e-051
  9.7500000e+000  1.4140713e-002 -1.7047184e-051
  9.7600000e+000  1.4108363e-002 -1.1564338e-051
  9.7700000e+000  1.4076457e-002 -7.8397184e-052
  9.7800000e+000  1.4044976e-002 -5.3111883e-052
  9.7900000e+000  1.4013897e-002 -3.5957913e-052
  9.8000000e+000  1.3983201e-002 -2.4328134e-052
  9.8100000e+000  1.3952867e-002 -1.6448817e-052
  9.8200000e+000  1.3922873e-002 -1.1114044e-052
  9.8300000e+000  1.3893200e-002 -7.5044877e-053
  9.8400000e+000  1.3863827e-002 -5.0638583e-053
  9.8500000e+000  1.3834732e-002 -3.4147081e-053
  9.8600000e+000  1.3805895e-002 -2.3011088e-053
  9.8700000e+000  1.3777295e-002 -1.5496451e-053
  9.8800000e+000  1.3748913e-002 -1.0428909e-053
  9.8900000e+000  1.3720726e-002 -7.0138595e-054
  9.9000000e+000  1.3692714e-002 -4.7139695e-054
  9.9100000e+000  1.3664857e-002 -3.1661246e-054
  9.9200000e+000  1.3637133e-002 -2.1251068e-054
  9.9300000e+000  1.3609523e-002 -1.4254272e-054
  9.9400000e+000  1.3582005e-002 -9.5547835e-055
  9.9500000e+000  1.3554558e-002 -6.4004157e-055
  9.9600000e+000  1.3527163e-002 -4.2845680e-055
  9.9700000e+000  1.3499797e-002 -2.8662720e-055
  9.9800000e+000  1.3472441e-002 -1.9161932e-055
  9.9900000e+000  1.3445074e-002 -1.2801849e-055
  1.0000000e+001  1.3417674e-002  0.0000000e+000
  1.0010000e+001  1.3390222e-002  0.0000000e+000
  1.0020000e+001  1.3362697e-002  0.0000000e+000
  1.0030000e+001  1.3335077e-002  0.0000000e+000
  1.0040000e+001  1.3307343e-002  0.0000000e+000
  1.0050000e+001  1.3279473e-002  0.0000000e+000
  1.0060000e+001  1.3251447e-002  0.0000000e+000
  1.0070000e+001  1.3223243e-002  0.0000000e+000
  1.0080000e+001  1.3194842e-002  0.0000000e+000
  1.0090000e+001  1.3166223e-002  0.0000000e+000
  1.0100000e+001  1.3137364e-002  0.0000000e+000
  1.0110000e+001  1.3108245e-002  0.0000000e+000
  1.0120000e+001  1.3078851e-002  0.0000000e+000
  1.0130000e+001  1.3049184e-002  0.0000000e+000
  1.0140000e+001  1.3019249e-002  0.0000000e+000
  1.0150000e+001  1.2989052e-002  0.0000000e+000
  1.0160000e+001  1.2958598e-002  0.0000000e+000
  1.0170000e+001  1.2927894e-002  0.0000000e+000
  1.0180000e+001  1.2896945e-002  0.0000000e+000
  1.0190000e+001  1.2865757e-002  0.0000000e+000
  1.0200000e+001  1.2834335e-002  0.0000000e+000
  1.0210000e+001  1.2802685e-002  0.0000000e+000
  1.0220000e+001  1.2770813e-002  0.0000000e+000
  1.0230000e+001  1.2738724e-002  0.0000000e+000
  1.0240000e+001  1.2706425e-002  0.0000000e+000
  1.0250000e+001  1.2673920e-002  0.0000000e+000
  1.0260000e+001  1.2641216e-002  0.0000000e+000
  1.0270000e+001  1.2608318e-002  0.0000000e+000
  1.0280000e+001  1.2575232e-002  0.0000000e+000
  1.0290000e+001  1.2541963e-002  0.0000000e+000
  1.0300000e+001  1.2508517e-002  0.0000000e+000
  1.0310000e+001  1.2474901e-002  0.0000000e+000
  1.0320000e+001  1.2441119e-002  0.0000000e+000
  1.0330000e+001  1.2407177e-002  0.0000000e+000
  1.0340000e+001  1.2373081e-002  0.0000000e+000
  1.0350000e+001  1.2338837e-002  0.0000000e+000
  1.0360000e+001  1.2304449e-002  0.0000000e+000
  1.0370000e+001  1.2269925e-002  0.0000000e+000
  1.0380000e+001  1.2235270e-002  0.0000000e+000
  1.0390000e+001  1.2200489e-002  0.0000000e+000
  1.0400000e+001  1.2165588e-002  0.0000000e+000
  1.0410000e+001  1.2130572e-002  0.0000000e+000
  1.0420000e+001  1.2095448e-002  0.0000000e+000
  1.0430000e+001  1.2060221e-002  0.0000000e+000
  1.0440000e+001  1.2024896e-002  0.0000000e+000
  1.0450000e+001  1.1989480e-002  0.0000000e+000
  1.0460000e+001  1.1953978e-002  0.0000000e+000
  1.0470000e+001  1.1918396e-002  0.0000000e+000
  1.0480000e+001  1.1882739e-002  0.0000000e+000
  1.0490000e+001  1.1847014e-002  0.0000000e+000
  1.0500000e+001  1.1811225e-002  0.0000000e+000
  1.0510000e+001  1.1775378e-002  0.0000000e+000
  1.0520000e+001  1.1739480e-002  0.0000000e+000
  1.0530000e+001  1.1703536e-002  0.0000000e+000
  1.0540000e+001  1.1667551e-002  0.0000000e+000
  1.0550000e+001  1.1631531e-002  0.0000000e+000
  1.0560000e+001  1.1595482e-002  0.0000000e+000
  1.0570000e+001  1.1559410e-002  0.0000000e+000
  1.0580000e+001  1.1523320e-002  0.0000000e+000
  1.0590000e+001  1.1487218e-002  0.0000000e+000
  1.0600000e+001  1.1451109e-002  0.0000000e+000
  1.0610000e+001  1.1415000e-002  0.0000000e+000
  1.0620000e+001  1.1378896e-002  0.0000000e+000
  1.0630000e+001  1.1342802e-002  0.0000000e+000
  1.0640000e+001  1.1306724e-002  0.0000000e+000
  1.0650000e+001  1.1270669e-002  0.0000000e+000
  1.0660000e+001  1.1234641e-002  0.0000000e+000
  1.0670000e+001  1.1198647e-002  0.0000000e+000
  1.0680000e+001  1.1162691e-002  0.0000000e+000
  1.0690000e+001  1.1126780e-002  0.0000000e+000
  1.0700000e+001  1.1090920e-002  0.0000000e+000
  1.0710000e+001  1.1055116e-002  0.0000000e+000
  1.0720000e+001  1.1019373e-002  0.0000000e+000
  1.0730000e+001  1.0983698e-002  0.0000000e+000
  1.0740000e+001  1.0948096e-002  0.0000000e+000
  1.0750000e+001  1.0912573e-002  0.0000000e+000
  1.0760000e+001  1.0877134e-002  0.0000000e+000
  1.0770000e+001  1.0841786e-002  0.0000000e+000
  1.0780000e+001  1.0806533e-002  0.0000000e+000
  1.0790000e+001  1.0771382e-002  0.0000000e+000
  1.0800000e+001  1.0736337e-002  0.0000000e+000
  1.0810000e+001  1.0701406e-002  0.0000000e+000
  1.0820000e+001  1.0666594e-002  0.0000000e+000
  1.0830000e+001  1.0631905e-002  0.0000000e+000
  1.0840000e+001  1.0597346e-002  0.0000000e+000
  1.0850000e+001  1.0562923e-002  0.0000000e+000
  1.0860000e+001  1.0528642e-002  0.0000000e+000
  1.0870000e+001  1.0494507e-002  0.0000000e+000
  1.0880000e+001  1.0460525e-002  0.0000000e+000
  1.0890000e+001  1.0426701e-002  0.0000000e+000
  1.0900000e+001  1.0393041e-002  0.0000000e+000
  1.0910000e+001  1.0359551e-002  0.0000000e+000
  1.0920000e+001  1.0326236e-002  0.0000000e+000
  1.0930000e+001  1.0293102e-002  0.0000000e+000
  1.0940000e+001  1.0260155e-002  0.0000000e+000
  1.0950000e+001  1.0227400e-002  0.0000000e+000
  1.0960000e+001  1.0194843e-002  0.0000000e+000
  1.0970000e+001  1.0162490e-002  0.0000000e+000
  1.0980000e+001  1.0130346e-002  0.0000000e+000
  1.0990000e+001  1.0098418e-002  0.0000000e+000
  1.1000000e+001  1.0066710e-002  0.0000000e+000
  1.1010000e+001  1.0035225e-002  0.0000000e+000
  1.1020000e+001  1.0003961e-002  0.0000000e+000
  1.1030000e+001  9.9729165e-003  0.0000000e+000
  1.1040000e+001  9.9420887e-003  0.0000000e+000
  1.1050000e+001  9.9114758e-003  0.0000000e+000
  1.1060000e+001  9.8810757e-003  0.0000000e+000
  1.1070000e+001  9.8508864e-003  0.0000000e+000
  1.1080000e+001  9.8209057e-003  0.0000000e+000
  1.1090000e+001  9.7911316e-003  0.0000000e+000
  1.1100000e+001  9.7615620e-003  0.0000000e+000
  1.1110000e+001  9.7321949e-003  0.0000000e+000
  1.1120000e+001  9.7030281e-003  0.0000000e+000
  1.1130000e+001  9.6740595e-003  0.0000000e+000
  1.1140000e+001  9.6452872e-003  0.0000000e+000
  1.1150000e+001  9.6167090e-003  0.0000000e+000
  1.1160000e+001  9.5883228e-003  0.0000000e+000
  1.1170000e+001  9.5601267e-003  0.0000000e+000
  1.1180000e+001  9.5321184e-003  0.0000000e+000
  1.1190000e+001  9.5042959e-003  0.0000000e+000
  1.1200000e+001  9.4766571e-003  0.0000000e+000
  1.1210000e+001  9.4492001e-003  0.0000000e+000
  1.1220000e+001  9.4219226e-003  0.0000000e+000
  1.1230000e+001  9.3948226e-003  0.0000000e+000
  1.1240000e+001  9.3678981e-003  0.0000000e+000
  1.1250000e+001  9.3411469e-003  0.0000000e+000
  1.1260000e+001  9.3145669e-003  0.0000000e+000
  1.1270000e+001  9.2881562e-003  0.0000000e+000
  1.1280000e+001  9.2619127e-003  0.0000000e+000
  1.1290000e+001  9.2358341e-003  0.0000000e+000
  1.1300000e+001  9.2099186e-003  0.0000000e+000
  1.1310000e+001  9.1841639e-003  0.0000000e+000
  1.1320000e+001  9.1585681e-003  0.0000000e+000
  1.1330000e+001  9.1331290e-003  0.0000000e+000
  1.1340000e+001  9.1078445e-003  0.0000000e+000
  1.1350000e+001  9.0827127e-003  0.0000000e+000
  1.1360000e+001  9.0577313e-003  0.0000000e+000
  1.1370000e+001  9.0328984e-003  0.0000000e+000
  1.1380000e+001  9.0082119e-003  0.0000000e+000
  1.1390000e+001  8.9836696e-003  0.0000000e+000
  1.1400000e+001  8.9592696e-003  0.0000000e+000
  1.1410000e+001  8.9350097e-003  0.0000000e+000
  1.1420000e+001  8.9108878e-003  0.0000000e+000
  1.1430000e+001  8.8869019e-003  0.0000000e+000
  1.1440000e+001  8.8630499e-003  0.0000000e+000
  1.1450000e+001  8.8393297e-003  0.0000000e+000
  1.1460000e+001  8.8157393e-003  0.0000000e+000
  1.1470000e+001  8.7922765e-003  0.0000000e+000
  1.1480000e+001  8.7689394e-003  0.0000000e+000
  1.1490000e+001  8.7457257e-003  0.0000000e+000
  1.1500000e+001  8.7226335e-003  0.0000000e+000
  1.1510000e+001  8.6996607e-003  0.0000000e+000
  1.1520000e+001  8.6768051e-003  0.0000000e+000
  1.1530000e+001  8.6540648e-003  0.0000000e+000
  1.1540000e+001  8.6314375e-003  0.0000000e+000
  1.1550000e+001  8.6089214e-003  0.0000000e+000
  1.1560000e+001  8.5865142e-003  0.0000000e+000
  1.1570000e+001  8.5642139e-003  0.0000000e+000
  1.1580000e+001  8.5420184e-003  0.0000000e+000
  1.1590000e+001  8.5199257e-003  0.0000000e+000
  1.1600000e+001  8.4979337e-003  0.0000000e+000
  1.1610000e+001  8.4760402e-003  0.0000000e+000
  1.1620000e+001  8.4542433e-003  0.0000000e+000
  1.1630000e+001  8.4325408e-003  0.0000000e+000
  1.1640000e+001  8.4109307e-003  0.0000000e+000
  1.1650000e+001  8.3894109e-003  0.0000000e+000
  1.1660000e+001  8.3679792e-003  0.0000000e+000
  1.1670000e+001  8.3466338e-003  0.0000000e+000
  1.1680000e+001  8.3253723e-003  0.0000000e+000
  1.1690000e+001  8.3041929e-003  0.0000000e+000
  1.1700000e+001  8.2830933e-003  0.0000000e+000
  1.1710000e+001  8.2620716e-003  0.0000000e+000
  1.1720000e+001  8.2411257e-003  0.0000000e+000
  1.1730000e+001  8.2202534e-003  0.0000000e+000
  1.1740000e+001  8.1994527e-003  0.0000000e+000
  1.1750000e+001  8.1787215e-003  0.0000000e+000
  1.1760000e+001  8.1580578e-003  0.0000000e+000
  1.1770000e+001  8.1374595e-003  0.0000000e+000
  1.1780000e+001  8.1169244e-003  0.0000000e+000
  1.1790000e+001  8.0964506e-003  0.0000000e+000
  1.1800000e+001  8.0760359e-003  0.0000000e+000
  1.1810000e+001  8.0556782e-003  0.0000000e+000
  1.1820000e+001  8.0353756e-003  0.0000000e+000
  1.1830000e+001  8.0151258e-003  0.0000000e+000
  1.1840000e+001  7.9949269e-003  0.0000000e+000
  1.1850000e+001  7.9747767e-003  0.0000000e+000
  1.1860000e+001  7.9546732e-003  0.0000000e+000
  1.1870000e+001  7.9346143e-003  0.0000000e+000
  1.1880000e+001  7.9145980e-003  0.0000000e+000
  1.1890000e+001  7.8946222e-003  0.0000000e+000
  1.1900000e+001  7.8746865e-003  0.0000000e+000
  1.1910000e+001  7.8547911e-003  0.0000000e+000
  1.1920000e+001  7.8349359e-003  0.0000000e+000
  1.1930000e+001  7.8151212e-003  0.0000000e+000
  1.1940000e+001  7.7953471e-003  0.0000000e+000
  1.1950000e+001  7.7756136e-003  0.0000000e+000
  1.1960000e+001  7.7559210e-003  0.0000000e+000
  1.1970000e+001  7.7362694e-003  0.0000000e+000
  1.1980000e+001  7.7166588e-003  0.0000000e+000
  1.1990000e+001  7.6970895e-003  0.0000000e+000
  1.2000000e+001  7.6775615e-003  0.0000000e+000
  1.2010000e+001  7.6580749e-003  0.0000000e+000
  1.2020000e+001  7.6386300e-003  0.0000000e+000
  1.2030000e+001  7.6192267e-003  0.0000000e+000
  1.2040000e+001  7.5998654e-003  0.0000000e+000
  1.2050000e+001  7.5805459e-003  0.0000000e+000
  1.2060000e+001  7.5612686e-003  0.0000000e+000
  1.2070000e+001  7.5420335e-003  0.0000000e+000
  1.2080000e+001  7.5228408e-003  0.0000000e+000
  1.2090000e+001  7.5036906e-003  0.0000000e+000
  1.2100000e+001  7.4845829e-003  0.0000000e+000
  1.2110000e+001  7.4655180e-003  0.0000000e+000
  1.2120000e+001  7.4464960e-003  0.0000000e+000
  1.2130000e+001  7.4275169e-003  0.0000000e+000
  1.2140000e+001  7.4085810e-003  0.0000000e+000
  1.2150000e+001  7.3896883e-003  0.0000000e+000
  1.2160000e+001  7.3708389e-003  0.0000000e+000
  1.2170000e+001  7.3520331e-003  0.0000000e+000
  1.2180000e+001  7.3332709e-003  0.0000000e+000
  1.2190000e+001  7.3145525e-003  0.0000000e+000
  1.2200000e+001  7.2958779e-003  0.0000000e+000
  1.2210000e+001  7.2772473e-003  0.0000000e+000
  1.2220000e+001  7.2586609e-003  0.0000000e+000
  1.2230000e+001  7.2401187e-003  0.0000000e+000
  1.2240000e+001  7.2216209e-003  0.0000000e+000
  1.2250000e+001  7.2031676e-003  0.0000000e+000
  1.2260000e+001  7.1847590e-003  0.0000000e+000
  1.2270000e+001  7.1663951e-003  0.0000000e+000
  1.2280000e+001  7.1480761e-003  0.0000000e+000
  1.2290000e+001  7.1298022e-003  0.0000000e+000
  1.2300000e+001  7.1115734e-003  0.0000000e+000
  1.2310000e+001  7.0933899e-003  0.0000000e+000
  1.2320000e+001  7.0752517e-003  0.0000000e+000
  1.2330000e+001  7.0571591e-003  0.0000000e+000
  1.2340000e+001  7.0391122e-003  0.0000000e+000
  1.2350000e+001  7.0211110e-003  0.0000000e+000
  1.2360000e+001  7.0031558e-003  0.0000000e+000
  1.2370000e+001  6.9852466e-003  0.0000000e+000
  1.2380000e+001  6.9673835e-003  0.0000000e+000
  1.2390000e+001  6.9495668e-003  0.0000000e+000
  1.2400000e+001  6.9317964e-003  0.0000000e+000
  1.2410000e+001  6.9140726e-003  0.0000000e+000
  1.2420000e+001  6.8963955e-003  0.0000000e+000
  1.2430000e+001  6.8787652e-003  0.0000000e+000
  1.2440000e+001  6.8611818e-003  0.0000000e+000
  1.2450000e+001  6.8436455e-003  0.0000000e+000
  1.2460000e+001  6.8261563e-003  0.0000000e+000
  1.2470000e+001  6.8087145e-003  0.0000000e+000
  1.2480000e+001  6.7913201e-003  0.0000000e+000
  1.2490000e+001  6.7739732e-003  0.0000000e+000
  1.2500000e+001  6.7566741e-003  0.0000000e+000
  1.2510000e+001  6.7394227e-003  0.0000000e+000
  1.2520000e+001  6.7222193e-003  0.0000000e+000
  1.2530000e+001  6.7050640e-003  0.0000000e+000
  1.2540000e+001  6.6879568e-003  0.0000000e+000
  1.2550000e+001  6.6708980e-003  0.0000000e+000
  1.2560000e+001  6.6538876e-003  0.0000000e+000
  1.2570000e+001  6.6369259e-003  0.0000000e+000
  1.2580000e+001  6.6200128e-003  0.0000000e+000
  1.2590000e+001  6.6031485e-003  0.0000000e+000
  1.2600000e+001  6.5863332e-003  0.0000000e+000
  1.2610000e+001  6.5695670e-003  0.0000000e+000
  1.2620000e+001  6.5528500e-003  0.0000000e+000
  1.2630000e+001  6.5361824e-003  0.0000000e+000
  1.2640000e+001  6.5195642e-003  0.0000000e+000
  1.2650000e+001  6.5029956e-003  0.0000000e+000
  1.2660000e+001  6.4864767e-003  0.0000000e+000
  1.2670000e+001  6.4700077e-003  0.0000000e+000
  1.2680000e+001  6.4535887e-003  0.0000000e+000
  1.2690000e+001  6.4372197e-003  0.0000000e+000
  1.2700000e+001  6.4209010e-003  0.0000000e+000
  1.2710000e+001  6.4046327e-003  0.0000000e+000
  1.2720000e+001  6.3884148e-003  0.0000000e+000
  1.2730000e+001  6.3722475e-003  0.0000000e+000
  1.2740000e+001  6.3561310e-003  0.0000000e+000
  1.2750000e+001  6.3400653e-003  0.0000000e+000
  1.2760000e+001  6.3240506e-003  0.0000000e+000
  1.2770000e+001  6.3080871e-003  0.0000000e+000
  1.2780000e+001  6.2921747e-003  0.0000000e+000
  1.2790000e+001  6.2763135e-003  0.0000000e+000
  1.2800000e+001  6.2605034e-003  0.0000000e+000
  1.2810000e+001  6.2447443e-003  0.0000000e+000
  1.2820000e+001  6.2290361e-003  0.0000000e+000
  1.2830000e+001  6.2133788e-003  0.0000000e+000
  1.2840000e+001  6.1977724e-003  0.0000000e+000
  1.2850000e+001  6.1822166e-003  0.0000000e+000
  1.2860000e+001  6.1667116e-003  0.0000000e+000
  1.2870000e+001  6.1512571e-003  0.0000000e+000
  1.2880000e+001  6.1358532e-003  0.0000000e+000
  1.2890000e+001  6.1204998e-003  0.0000000e+000
  1.2900000e+001  6.1051967e-003  0.0000000e+000
  1.2910000e+001  6.0899440e-003  0.0000000e+000
  1.2920000e+001  6.0747415e-003  0.0000000e+000
  1.2930000e+001  6.0595892e-003  0.0000000e+000
  1.2940000e+001  6.0444871e-003  0.0000000e+000
  1.2950000e+001  6.0294350e-003  0.0000000e+000
  1.2960000e+001  6.0144329e-003  0.0000000e+000
  1.2970000e+001  5.9994807e-003  0.0000000e+000
  1.2980000e+001  5.9845783e-003  0.0000000e+000
  1.2990000e+001  5.9697257e-003  0.0000000e+000
  1.3000000e+001  5.9549229e-003  0.0000000e+000
  1.3010000e+001  5.9401697e-003  0.0000000e+000
  1.3020000e+001  5.9254660e-003  0.0000000e+000
  1.3030000e+001  5.9108119e-003  0.0000000e+000
  1.3040000e+001  5.8962072e-003  0.0000000e+000
  1.3050000e+001  5.8816518e-003  0.0000000e+000
  1.3060000e+001  5.8671458e-003  0.0000000e+000
  1.3070000e+001  5.8526890e-003  0.0000000e+000
  1.3080000e+001  5.8382813e-003  0.0000000e+000
  1.3090000e+001  5.8239228e-003  0.0000000e+000
  1.3100000e+001  5.8096133e-003  0.0000000e+000
  1.3110000e+001  5.7953527e-003  0.0000000e+000
  1.3120000e+001  5.7811410e-003  0.0000000e+000
  1.3130000e+001  5.7669781e-003  0.0000000e+000
  1.3140000e+001  5.7528640e-003  0.0000000e+000
  1.3150000e+001  5.7387985e-003  0.0000000e+000
  1.3160000e+001  5.7247817e-003  0.0000000e+000
  1.3170000e+001  5.7108134e-003  0.0000000e+000
  1.3180000e+001  5.6968936e-003  0.0000000e+000
  1.3190000e+001  5.6830222e-003  0.0000000e+000
  1.3200000e+001  5.6691991e-003  0.0000000e+000
  1.3210000e+001  5.6554243e-003  0.0000000e+000
  1.3220000e+001  5.6416977e-003  0.0000000e+000
  1.3230000e+001  5.6280193e-003  0.0000000e+000
  1.3240000e+001  5.6143888e-003  0.0000000e+000
  1.3250000e+001  5.6008064e-003  0.0000000e+000
  1.3260000e+001  5.5872719e-003  0.0000000e+000
  1.3270000e+001  5.5737853e-003  0.0000000e+000
  1.3280000e+001  5.5603465e-003  0.0000000e+000
  1.3290000e+001  5.5469553e-003  0.0000000e+000
  1.3300000e+001  5.5336118e-003  0.0000000e+000
  1.3310000e+001  5.5203159e-003  0.0000000e+000
  1.3320000e+001  5.5070676e-003  0.0000000e+000
  1.3330000e+001  5.4938666e-003  0.0000000e+000
  1.3340000e+001  5.4807131e-003  0.0000000e+000
  1.3350000e+001  5.4676068e-003  0.0000000e+000
  1.3360000e+001  5.4545478e-003  0.0000000e+000
  1.3370000e+001  5.4415359e-003  0.0000000e+000
  1.3380000e+001  5.4285712e-003  0.0000000e+000
  1.3390000e+001  5.4156535e-003  0.0000000e+000
  1.3400000e+001  5.4027827e-003  0.0000000e+000
  1.3410000e+001  5.3899588e-003  0.0000000e+000
  1.3420000e+001  5.3771818e-003  0.0000000e+000
  1.3430000e+001  5.3644515e-003  0.0000000e+000
  1.3440000e+001  5.3517679e-003  0.0000000e+000
  1.3450000e+001  5.3391310e-003  0.0000000e+000
  1.3460000e+001  5.3265406e-003  0.0000000e+000
  1.3470000e+001  5.3139966e-003  0.0000000e+000
  1.3480000e+001  5.3014991e-003  0.0000000e+000
  1.3490000e+001  5.2890479e-003  0.0000000e+000
  1.3500000e+001  5.2766430e-003  0.0000000e+000
  1.3510000e+001  5.2642843e-003  0.0000000e+000
  1.3520000e+001  5.2519718e-003  0.0000000e+000
  1.3530000e+001  5.2397053e-003  0.0000000e+000
  1.3540000e+001  5.2274848e-003  0.0000000e+000
  1.3550000e+001  5.2153103e-003  0.0000000e+000
  1.3560000e+001  5.2031816e-003  0.0000000e+000
  1.3570000e+001  5.1910987e-003  0.0000000e+000
  1.3580000e+001  5.1790615e-003  0.0000000e+000
  1.3590000e+001  5.1670700e-003  0.0000000e+000
  1.3600000e+001  5.1551241e-003  0.0000000e+000
  1.3610000e+001  5.1432237e-003  0.0000000e+000
  1.3620000e+001  5.1313688e-003  0.0000000e+000
  1.3630000e+001  5.1195592e-003  0.0000000e+000
  1.3640000e+001  5.1077950e-003  0.0000000e+000
  1.3650000e+001  5.0960760e-003  0.0000000e+000
  1.3660000e+001  5.0844022e-003  0.0000000e+000
  1.3670000e+001  5.0727734e-003  0.0000000e+000
  1.3680000e+001  5.0611893e-003  0.0000000e+000
  1.3690000e+001  5.0496496e-003  0.0000000e+000
  1.3700000e+001  5.0381542e-003  0.0000000e+000
  1.3710000e+001  5.0267026e-003  0.0000000e+000
  1.3720000e+001  5.0152946e-003  0.0000000e+000
  1.3730000e+001  5.0039299e-003  0.0000000e+000
  1.3740000e+001  4.9926083e-003  0.0000000e+000
  1.3750000e+001  4.9813294e-003  0.0000000e+000
  1.3760000e+001  4.9700931e-003  0.0000000e+000
  1.3770000e+001  4.9588989e-003  0.0000000e+000
  1.3780000e+001  4.9477466e-003  0.0000000e+000
  1.3790000e+001  4.9366360e-003  0.0000000e+000
  1.3800000e+001  4.9255668e-003  0.0000000e+000
  1.3810000e+001  4.9145386e-003  0.0000000e+000
  1.3820000e+001  4.9035512e-003  0.0000000e+000
  1.3830000e+001  4.8926044e-003  0.0000000e+000
  1.3840000e+001  4.8816977e-003  0.0000000e+000
  1.3850000e+001  4.8708311e-003  0.0000000e+000
  1.3860000e+001  4.8600041e-003  0.0000000e+000
  1.3870000e+001  4.8492165e-003  0.0000000e+000
  1.3880000e+001  4.8384680e-003  0.0000000e+000
  1.3890000e+001  4.8277584e-003  0.0000000e+000
  1.3900000e+001  4.8170873e-003  0.0000000e+000
  1.3910000e+001  4.8064545e-003  0.0000000e+000
  1.3920000e+001  4.7958597e-003  0.0000000e+000
  1.3930000e+001  4.7853026e-003  0.0000000e+000
  1.3940000e+001  4.7747829e-003  0.0000000e+000
  1.3950000e+001  4.7643004e-003  0.0000000e+000
  1.3960000e+001  4.7538547e-003  0.0000000e+000
  1.3970000e+001  4.7434456e-003  0.0000000e+000
  1.3980000e+001  4.7330729e-003  0.0000000e+000
  1.3990000e+001  4.7227362e-003  0.0000000e+000
  1.4000000e+001  4.7124352e-003  0.0000000e+000
  1.4010000e+001  4.7021697e-003  0.0000000e+000
  1.4020000e+001  4.6919394e-003  0.0000000e+000
  1.4030000e+001  4.6817439e-003  0.0000000e+000
  1.4040000e+001  4.6715832e-003  0.0000000e+000
  1.4050000e+001  4.6614567e-003  0.0000000e+000
  1.4060000e+001  4.6513643e-003  0.0000000e+000
  1.4070000e+001  4.6413057e-003  0.0000000e+000
  1.4080000e+001  4.6312807e-003  0.0000000e+000
  1.4090000e+001  4.6212888e-003  0.0000000e+000
  1.4100000e+001  4.6113299e-003  0.0000000e+000
  1.4110000e+001  4.6014036e-003  0.0000000e+000
  1.4120000e+001  4.5915097e-003  0.0000000e+000
  1.4130000e+001  4.5816480e-003  0.0000000e+000
  1.4140000e+001  4.5718180e-003  0.0000000e+000
  1.4150000e+001  4.5620196e-003  0.0000000e+000
  1.4160000e+001  4.5522524e-003  0.0000000e+000
  1.4170000e+001  4.5425163e-003  0.0000000e+000
  1.4180000e+001  4.5328108e-003  0.0000000e+000
  1.4190000e+001  4.5231357e-003  0.0000000e+000
  1.4200000e+001  4.5134908e-003  0.0000000e+000
  1.4210000e+001  4.5038757e-003  0.0000000e+000
  1.4220000e+001  4.4942902e-003  0.0000000e+000
  1.4230000e+001  4.4847340e-003  0.0000000e+000
  1.4240000e+001  4.4752069e-003  0.0000000e+000
  1.4250000e+001  4.4657084e-003  0.0000000e+000
  1.4260000e+001  4.4562384e-003  0.0000000e+000
  1.4270000e+001  4.4467966e-003  0.0000000e+000
  1.4280000e+001  4.4373827e-003  0.0000000e+000
  1.4290000e+001  4.4279964e-003  0.0000000e+000
  1.4300000e+001  4.4186374e-003  0.0000000e+000
  1.4310000e+001  4.4093055e-003  0.0000000e+000
  1.4320000e+001  4.4000003e-003  0.0000000e+000
  1.4330000e+001  4.3907216e-003  0.0000000e+000
  1.4340000e+001  4.3814692e-003  0.0000000e+000
  1.4350000e+001  4.3722426e-003  0.0000000e+000
  1.4360000e+001  4.3630417e-003  0.0000000e+000
  1.4370000e+001  4.3538662e-003  0.0000000e+000
  1.4380000e+001  4.3447158e-003  0.0000000e+000
  1.4390000e+001  4.3355902e-003  0.0000000e+000
  1.4400000e+001  4.3264891e-003  0.0000000e+000
  1.4410000e+001  4.3174122e-003  0.0000000e+000
  1.4420000e+001  4.3083593e-003  0.0000000e+000
  1.4430000e+001  4.2993301e-003  0.0000000e+000
  1.4440000e+001  4.2903243e-003  0.0000000e+000
  1.4450000e+001  4.2813416e-003  0.0000000e+000
  1.4460000e+001  4.2723818e-003  0.0000000e+000
  1.4470000e+001  4.2634445e-003  0.0000000e+000
  1.4480000e+001  4.2545295e-003  0.0000000e+000
  1.4490000e+001  4.2456366e-003  0.0000000e+000
  1.4500000e+001  4.2367653e-003  0.0000000e+000
  1.4510000e+001  4.2279155e-003  0.0000000e+000
  1.4520000e+001  4.2190868e-003  0.0000000e+000
  1.4530000e+001  4.2102790e-003  0.0000000e+000
  1.4540000e+001  4.2014918e-003  0.0000000e+000
  1.4550000e+001  4.1927249e-003  0.0000000e+000
  1.4560000e+001  4.1839783e-003  0.0000000e+000
  1.4570000e+001  4.1752520e-003  0.0000000e+000
  1.4580000e+001  4.1665459e-003  0.0000000e+000
  1.4590000e+001  4.1578599e-003  0.0000000e+000
  1.4600000e+001  4.1491942e-003  0.0000000e+000
  1.4610000e+001  4.1405486e-003  0.0000000e+000
  1.4620000e+001  4.1319232e-003  0.0000000e+000
  1.4630000e+001  4.1233179e-003  0.0000000e+000
  1.4640000e+001  4.1147328e-003  0.0000000e+000
  1.4650000e+001  4.1061677e-003  0.0000000e+000
  1.4660000e+001  4.0976228e-003  0.0000000e+000
  1.4670000e+001  4.0890979e-003  0.0000000e+000
  1.4680000e+001  4.0805930e-003  0.0000000e+000
  1.4690000e+001  4.0721082e-003  0.0000000e+000
  1.4700000e+001  4.0636435e-003  0.0000000e+000
  1.4710000e+001  4.0551987e-003  0.0000000e+000
  1.4720000e+001  4.0467739e-003  0.0000000e+000
  1.4730000e+001  4.0383691e-003  0.0000000e+000
  1.4740000e+001  4.0299843e-003  0.0000000e+000
  1.4750000e+001  4.0216193e-003  0.0000000e+000
  1.4760000e+001  4.0132743e-003  0.0000000e+000
  1.4770000e+001  4.0049493e-003  0.0000000e+000
  1.4780000e+001  3.9966440e-003  0.0000000e+000
  1.4790000e+001  3.9883587e-003  0.0000000e+000
  1.4800000e+001  3.9800932e-003  0.0000000e+000
  1.4810000e+001  3.9718476e-003  0.0000000e+000
  1.4820000e+001  3.9636218e-003  0.0000000e+000
  1.4830000e+001  3.9554157e-003  0.0000000e+000
  1.4840000e+001  3.9472295e-003  0.0000000e+000
  1.4850000e+001  3.9390631e-003  0.0000000e+000
  1.4860000e+001  3.9309163e-003  0.0000000e+000
  1.4870000e+001  3.9227894e-003  0.0000000e+000
  1.4880000e+001  3.9146821e-003  0.0000000e+000
  1.4890000e+001  3.9065946e-003  0.0000000e+000
  1.4900000e+001  3.8985267e-003  0.0000000e+000
  1.4910000e+001  3.8904785e-003  0.0000000e+000
  1.4920000e+001  3.8824500e-003  0.0000000e+000
  1.4930000e+001  3.8744411e-003  0.0000000e+000
  1.4940000e+001  3.8664518e-003  0.0000000e+000
  1.4950000e+001  3.8584821e-003  0.0000000e+000
  1.4960000e+001  3.8505320e-003  0.0000000e+000
  1.4970000e+001  3.8426015e-003  0.0000000e+000
  1.4980000e+001  3.8346905e-003  0.0000000e+000
  1.4990000e+001  3.8267991e-003  0.0000000e+000
  1.5000000e+001  3.8189272e-003  0.0000000e+000
  1.5010000e+001  3.8110748e-003  0.0000000e+000
  1.5020000e+001  3.8032418e-003  0.0000000e+000
  1.5030000e+001  3.7954284e-003  0.0000000e+000
  1.5040000e+001  3.7876344e-003  0.0000000e+000
  1.5050000e+001  3.7798598e-003  0.0000000e+000
  1.5060000e+001  3.7721046e-003  0.0000000e+000
  1.5070000e+001  3.7643689e-003  0.0000000e+000
  1.5080000e+001  3.7566525e-003  0.0000000e+000
  1.5090000e+001  3.7489555e-003  0.0000000e+000
  1.5100000e+001  3.7412779e-003  0.0000000e+000
  1.5110000e+001  3.7336196e-003  0.0000000e+000
  1.5120000e+001  3.7259806e-003  0.0000000e+000
  1.5130000e+001  3.7183609e-003  0.0000000e+000
  1.5140000e+001  3.7107605e-003  0.0000000e+000
  1.5150000e+001  3.7031793e-003  0.0000000e+000
  1.5160000e+001  3.6956174e-003  0.0000000e+000
  1.5170000e+001  3.6880748e-003  0.0000000e+000
  1.5180000e+001  3.6805513e-003  0.0000000e+000
  1.5190000e+001  3.6730471e-003  0.0000000e+000
  1.5200000e+001  3.6655621e-003  0.0000000e+000
  1.5210000e+001  3.6580962e-003  0.0000000e+000
  1.5220000e+001  3.6506494e-003  0.0000000e+000
  1.5230000e+001  3.6432218e-003  0.0000000e+000
  1.5240000e+001  3.6358134e-003  0.0000000e+000
  1.5250000e+001  3.6284240e-003  0.0000000e+000
  1.5260000e+001  3.6210537e-003  0.0000000e+000
  1.5270000e+001  3.6137025e-003  0.0000000e+000
  1.5280000e+001  3.6063703e-003  0.0000000e+000
  1.5290000e+001  3.5990571e-003  0.0000000e+000
  1.5300000e+001  3.5917630e-003  0.0000000e+000
  1.5310000e+001  3.5844879e-003  0.0000000e+000
  1.5320000e+001  3.5772317e-003  0.0000000e+000
  1.5330000e+001  3.5699946e-003  0.0000000e+000
  1.5340000e+001  3.5627763e-003  0.0000000e+000
  1.5350000e+001  3.5555770e-003  0.0000000e+000
  1.5360000e+001  3.5483966e-003  0.0000000e+000
  1.5370000e+001  3.5412352e-003  0.0000000e+000
  1.5380000e+001  3.5340926e-003  0.0000000e+000
  1.5390000e+001  3.5269688e-003  0.0000000e+000
  1.5400000e+001  3.5198640e-003  0.0000000e+000
  1.5410000e+001  3.5127779e-003  0.0000000e+000
  1.5420000e+001  3.5057107e-003  0.0000000e+000
  1.5430000e+001  3.4986622e-003  0.0000000e+000
  1.5440000e+001  3.4916326e-003  0.0000000e+000
  1.5450000e+001  3.4846217e-003  0.0000000e+000
  1.5460000e+001  3.4776297e-003  0.0000000e+000
  1.5470000e+001  3.4706564e-003  0.0000000e+000
  1.5480000e+001  3.4637020e-003  0.0000000e+000
  1.5490000e+001  3.4567663e-003  0.0000000e+000
  1.5500000e+001  3.4498495e-003  0.0000000e+000
  1.5510000e+001  3.4429515e-003  0.0000000e+000
  1.5520000e+001  3.4360723e-003  0.0000000e+000
  1.5530000e+001  3.4292119e-003  0.0000000e+000
  1.5540000e+001  3.4223704e-003  0.0000000e+000
  1.5550000e+001  3.4155477e-003  0.0000000e+000
  1.5560000e+001  3.4087438e-003  0.0000000e+000
  1.5570000e+001  3.4019588e-003  0.0000000e+000
  1.5580000e+001  3.3951926e-003  0.0000000e+000
  1.5590000e+001  3.3884453e-003  0.0000000e+000
  1.5600000e+001  3.3817168e-003  0.0000000e+000
  1.5610000e+001  3.3750072e-003  0.0000000e+000
  1.5620000e+001  3.3683165e-003  0.0000000e+000
  1.5630000e+001  3.3616446e-003  0.0000000e+000
  1.5640000e+001  3.3549916e-003  0.0000000e+000
  1.5650000e+001  3.3483575e-003  0.0000000e+000
  1.5660000e+001  3.3417423e-003  0.0000000e+000
  1.5670000e+001  3.3351459e-003  0.0000000e+000
  1.5680000e+001  3.3285685e-003  0.0000000e+000
  1.5690000e+001  3.3220099e-003  0.0000000e+000
  1.5700000e+001  3.3154703e-003  0.0000000e+000
  1.5710000e+001  3.3089495e-003  0.0000000e+000
  1.5720000e+001  3.3024477e-003  0.0000000e+000
  1.5730000e+001  3.2959648e-003  0.0000000e+000
  1.5740000e+001  3.2895008e-003  0.0000000e+000
  1.5750000e+001  3.2830557e-003  0.0000000e+000
  1.5760000e+001  3.2766295e-003  0.0000000e+000
  1.5770000e+001  3.2702223e-003  0.0000000e+000
  1.5780000e+001  3.2638340e-003  0.0000000e+000
  1.5790000e+001  3.2574647e-003  0.0000000e+000
  1.5800000e+001  3.2511143e-003  0.0000000e+000
  1.5810000e+001  3.2447828e-003  0.0000000e+000
  1.5820000e+001  3.2384703e-003  0.0000000e+000
  1.5830000e+001  3.2321768e-003  0.0000000e+000
  1.5840000e+001  3.2259022e-003  0.0000000e+000
  1.5850000e+001  3.2196466e-003  0.0000000e+000
  1.5860000e+001  3.2134099e-003  0.0000000e+000
  1.5870000e+001  3.2071923e-003  0.0000000e+000
  1.5880000e+001  3.2009936e-003  0.0000000e+000
  1.5890000e+001  3.1948139e-003  0.0000000e+000
  1.5900000e+001  3.1886532e-003  0.0000000e+000
  1.5910000e+001  3.1825115e-003  0.0000000e+000
  1.5920000e+001  3.1763887e-003  0.0000000e+000
  1.5930000e+001  3.1702850e-003  0.0000000e+000
  1.5940000e+001  3.1642003e-003  0.0000000e+000
  1.5950000e+001  3.1581346e-003  0.0000000e+000
  1.5960000e+001  3.1520879e-003  0.0000000e+000
  1.5970000e+001  3.1460602e-003  0.0000000e+000
  1.5980000e+001  3.1400516e-003  0.0000000e+000
  1.5990000e+001  3.1340620e-003  0.0000000e+000
  1.6000000e+001  3.1280914e-003  0.0000000e+000
  1.6010000e+001  3.1221399e-003  0.0000000e+000
  1.6020000e+001  3.1162074e-003  0.0000000e+000
  1.6030000e+001  3.1102939e-003  0.0000000e+000
  1.6040000e+001  3.1043995e-003  0.0000000e+000
  1.6050000e+001  3.0985241e-003  0.0000000e+000
  1.6060000e+001  3.0926678e-003  0.0000000e+000
  1.6070000e+001  3.0868306e-003  0.0000000e+000
  1.6080000e+001  3.0810124e-003  0.0000000e+000
  1.6090000e+001  3.0752134e-003  0.0000000e+000
  1.6100000e+001  3.0694333e-003  0.0000000e+000
  1.6110000e+001  3.0636724e-003  0.0000000e+000
  1.6120000e+001  3.0579306e-003  0.0000000e+000
  1.6130000e+001  3.0522078e-003  0.0000000e+000
  1.6140000e+001  3.0465042e-003  0.0000000e+000
  1.6150000e+001  3.0408196e-003  0.0000000e+000
  1.6160000e+001  3.0351541e-003  0.0000000e+000
  1.6170000e+001  3.0295078e-003  0.0000000e+000
  1.6180000e+001  3.0238805e-003  0.0000000e+000
  1.6190000e+001  3.0182724e-003  0.0000000e+000
  1.6200000e+001  3.0126834e-003  0.0000000e+000
  1.6210000e+001  3.0071135e-003  0.0000000e+000
  1.6220000e+001  3.0015628e-003  0.0000000e+000
  1.6230000e+001  2.9960312e-003  0.0000000e+000
  1.6240000e+001  2.9905187e-003  0.0000000e+000
  1.6250000e+001  2.9850254e-003  0.0000000e+000
  1.6260000e+001  2.9795512e-003  0.0000000e+000
  1.6270000e+001  2.9740961e-003  0.0000000e+000
  1.6280000e+001  2.9686603e-003  0.0000000e+000
  1.6290000e+001  2.9632436e-003  0.0000000e+000
  1.6300000e+001  2.9578460e-003  0.0000000e+000
  1.6310000e+001  2.9524676e-003  0.0000000e+000
  1.6320000e+001  2.9471084e-003  0.0000000e+000
  1.6330000e+001  2.9417683e-003  0.0000000e+000
  1.6340000e+001  2.9364470e-003  0.0000000e+000
  1.6350000e+001  2.9311445e-003  0.0000000e+000
  1.6360000e+001  2.9258606e-003  0.0000000e+000
  1.6370000e+001  2.9205951e-003  0.0000000e+000
  1.6380000e+001  2.9153477e-003  0.0000000e+000
  1.6390000e+001  2.9101184e-003  0.0000000e+000
  1.6400000e+001  2.9049070e-003  0.0000000e+000
  1.6410000e+001  2.8997132e-003  0.0000000e+000
  1.6420000e+001  2.8945370e-003  0.0000000e+000
  1.6430000e+001  2.8893781e-003  0.0000000e+000
  1.6440000e+001  2.8842363e-003  0.0000000e+000
  1.6450000e+001  2.8791116e-003  0.0000000e+000
  1.6460000e+001  2.8740036e-003  0.0000000e+000
  1.6470000e+001  2.8689124e-003  0.0000000e+000
  1.6480000e+001  2.8638375e-003  0.0000000e+000
  1.6490000e+001  2.8587790e-003  0.0000000e+000
  1.6500000e+001  2.8537366e-003  0.0000000e+000
  1.6510000e+001  2.8487101e-003  0.0000000e+000
  1.6520000e+001  2.8436995e-003  0.0000000e+000
  1.6530000e+001  2.8387044e-003  0.0000000e+000
  1.6540000e+001  2.8337247e-003  0.0000000e+000
  1.6550000e+001  2.8287603e-003  0.0000000e+000
  1.6560000e+001  2.8238109e-003  0.0000000e+000
  1.6570000e+001  2.8188765e-003  0.0000000e+000
  1.6580000e+001  2.8139567e-003  0.0000000e+000
  1.6590000e+001  2.8090516e-003  0.0000000e+000
  1.6600000e+001  2.8041608e-003  0.0000000e+000
  1.6610000e+001  2.7992842e-003  0.0000000e+000
  1.6620000e+001  2.7944216e-003  0.0000000e+000
  1.6630000e+001  2.7895729e-003  0.0000000e+000
  1.6640000e+001  2.7847379e-003  0.0000000e+000
  1.6650000e+001  2.7799164e-003  0.0000000e+000
  1.6660000e+001  2.7751082e-003  0.0000000e+000
  1.6670000e+001  2.7703132e-003  0.0000000e+000
  1.6680000e+001  2.7655311e-003  0.0000000e+000
  1.6690000e+001  2.7607619e-003  0.0000000e+000
  1.6700000e+001  2.7560053e-003  0.0000000e+000
  1.6710000e+001  2.7512611e-003  0.0000000e+000
  1.6720000e+001  2.7465293e-003  0.0000000e+000
